CODICE ISTAT,ALLEANZA VERDI E SINISTRA,ALTERNATIVA POPOLARE,AZIONE - SIAMO EUROPEI,DEMOCRAZIA SOVRANA POPOLARE,FORZA ITALIA - NOI MODERATI - PPE,FRATELLI D'ITALIA,LEGA SALVINI PREMIER,LIBERTA',MOVIMENTO 5 STELLE,PACE TERRA DIGNITA',PARTITO ANIMALISTA - ITALEXIT PER L'ITALIA,PARTITO DEMOCRATICO,RASSEMBLEMENT VALDÔTAIN,STATI UNITI D'EUROPA,SÜDTIROLER VOLKSPARTEI (SVP)
1001,4.94,0.58,3.38,,10.05,34.27,16.64,1.57,7.74,1.81,,16.14,0.16,2.72,
1002,7.1,0.48,1.74,,10.28,30.79,8.6,1.32,12.21,2.35,,21.89,0.18,3.07,
1003,6.77,0.8,1.59,,12.35,34.26,17.53,0.8,6.37,0.4,,15.94,0.4,2.79,
1004,4.46,0.56,2.37,,10.45,41.5,9.19,1.39,5.29,1.67,,20.19,0.14,2.79,
1006,10.69,0.59,3.23,,8.45,26.03,8.88,1.06,12.55,4.16,,20.72,0.25,3.39,
1007,4.83,0.69,4.83,,21.38,25.52,8.97,0.0,6.21,4.14,,20.0,0.0,3.45,
1008,8.37,0.37,3.09,,7.76,27.05,6.86,1.19,11.51,2.91,,26.22,0.13,4.53,
1009,7.42,0.38,4.23,,8.46,34.96,11.0,1.03,10.71,2.26,,16.07,0.38,3.1,
1010,11.5,0.5,2.0,,6.0,36.0,15.5,0.0,5.0,1.5,,18.0,0.0,4.0,
1011,17.78,0.58,2.92,,7.29,18.95,8.45,1.17,7.58,5.83,,26.82,0.29,2.33,
1012,6.31,0.34,1.88,,12.29,34.64,15.87,1.19,8.36,1.71,,14.33,0.17,2.9,
1013,11.16,0.53,3.32,,10.02,24.45,8.27,0.91,10.81,4.17,,22.16,0.23,3.97,
1014,6.58,0.58,3.48,,8.32,33.08,11.61,0.77,6.19,2.32,,24.95,0.39,1.74,
1015,3.56,2.67,1.78,,8.31,41.25,10.98,0.59,6.53,1.78,,18.4,1.19,2.97,
1016,7.81,0.23,3.22,,8.88,33.15,11.26,1.07,11.72,1.45,,17.76,0.0,3.45,
1017,7.8,0.92,1.38,,22.02,33.94,15.14,0.46,4.13,0.46,,11.93,0.0,1.83,
1018,10.14,0.38,5.39,,8.14,27.89,7.87,0.76,5.61,3.24,,24.54,0.16,5.88,
1019,9.38,0.0,3.13,,1.56,40.63,9.38,0.0,7.81,3.13,,15.63,1.56,7.81,
1020,8.12,0.8,2.61,,7.17,27.1,7.39,0.58,9.13,2.75,,30.07,0.58,3.7,
1021,4.83,1.45,3.26,,14.01,39.98,12.32,0.97,4.59,1.57,,14.01,0.24,2.78,
1022,4.69,0.0,2.99,,13.91,39.93,11.01,1.19,6.31,2.47,,13.91,0.43,3.16,
1023,6.25,0.69,3.82,,5.56,25.0,12.15,2.08,8.33,3.82,,26.39,1.04,4.86,
1024,8.7,0.34,2.63,,7.64,24.77,8.46,0.97,13.94,2.5,,26.23,0.13,3.69,
1025,6.97,0.56,3.92,,16.57,31.39,9.85,0.96,7.21,2.0,,17.77,0.16,2.64,
1026,14.8,0.8,3.2,,10.8,21.2,8.0,1.2,4.4,4.0,,28.0,0.0,3.6,
1027,7.44,0.34,2.59,,9.13,33.82,10.6,0.9,6.99,1.8,,22.66,0.34,3.38,
1028,5.89,0.51,2.52,,7.57,32.75,8.49,0.91,12.1,1.99,,23.26,0.24,3.78,
1029,8.63,0.0,1.44,,11.51,37.41,16.19,1.8,7.19,3.96,,11.15,0.36,0.36,
1030,6.55,0.23,2.34,,7.29,34.25,10.09,1.03,6.67,2.79,,24.56,0.51,3.7,
1031,6.14,0.0,2.73,,15.7,31.06,10.58,0.34,7.85,2.39,,22.53,0.0,0.68,
1032,8.74,2.76,2.3,,9.94,25.85,10.95,1.56,16.01,3.04,,16.56,0.18,2.12,
1033,4.49,0.19,2.44,,10.98,35.17,12.9,0.58,9.82,1.8,,18.04,0.26,3.34,
1034,6.68,0.5,2.48,,9.88,28.62,9.11,0.88,11.16,1.35,,26.22,0.43,2.7,
1035,7.35,0.4,3.05,,15.09,32.3,10.58,0.71,8.32,1.73,,17.08,0.27,3.14,
1036,3.78,0.0,1.08,,8.11,37.3,11.89,1.08,3.78,3.24,,27.03,0.54,2.16,
1037,7.12,0.37,4.12,,8.24,32.58,15.73,1.87,7.49,2.25,,18.73,0.0,1.5,
1038,8.79,0.3,2.63,,8.82,30.25,7.67,1.08,10.3,2.35,,23.66,0.16,3.99,
1039,5.56,0.84,2.69,,18.52,27.1,11.95,1.01,8.08,1.68,,19.87,0.34,2.36,
1040,8.49,0.67,2.83,,7.99,28.12,8.15,2.0,14.48,4.99,,18.47,0.67,3.16,
1041,6.29,0.68,2.6,,10.67,37.07,10.12,1.37,7.93,1.5,,16.83,0.14,4.79,
1042,7.65,0.17,3.16,,7.99,32.28,10.98,0.0,3.99,3.83,,25.96,0.0,3.99,
1043,3.96,0.36,1.44,,14.15,36.45,9.35,1.2,9.83,1.32,,18.71,0.36,2.88,
1044,13.99,1.0,2.51,,7.34,24.2,8.39,0.91,14.77,4.65,,19.96,0.18,2.1,
1045,8.27,0.61,2.81,,11.39,29.46,7.19,0.95,10.17,2.17,,22.68,0.31,4.0,
1046,8.77,0.72,3.59,,8.63,34.44,10.21,1.01,9.85,2.01,,17.18,0.36,3.24,
1047,7.19,0.35,3.09,,9.9,30.77,10.25,1.05,7.45,1.8,,23.67,0.44,4.05,
1048,7.32,0.59,4.03,,9.41,31.56,6.85,0.44,8.28,2.01,,25.38,0.04,4.1,
1049,6.5,0.58,2.46,,16.18,33.96,16.18,0.72,6.07,0.58,,13.29,0.14,3.32,
1050,6.17,0.46,2.78,,12.04,37.65,10.49,0.77,7.25,1.23,,17.44,1.08,2.62,
1051,6.81,0.33,4.89,,8.14,27.42,7.21,0.76,10.8,10.1,,20.11,0.2,3.22,
1052,5.44,1.36,2.72,,10.88,35.37,15.65,4.08,14.29,0.68,,8.16,0.0,1.36,
1053,7.93,0.27,3.76,,8.75,31.24,8.34,1.3,9.57,2.94,,20.64,0.34,4.92,
1054,4.4,0.27,2.2,,11.26,30.22,21.7,1.37,6.32,2.47,,14.01,0.0,5.77,
1055,15.02,0.6,1.79,,6.07,26.37,7.56,0.7,12.64,3.58,,22.89,0.2,2.59,
1056,6.02,0.0,2.58,,7.16,37.82,10.6,1.15,5.16,1.15,,24.07,0.0,4.3,
1057,8.86,0.0,2.0,,8.0,39.14,11.43,1.71,4.57,2.0,,15.71,3.14,3.43,
1058,8.83,0.5,2.98,,9.17,32.03,9.67,1.48,7.8,1.55,,22.13,0.18,3.69,
1059,7.4,0.35,3.0,,10.41,31.97,10.36,0.74,8.61,1.78,,21.24,0.13,4.03,
1060,10.57,0.22,2.51,,10.35,23.97,9.37,0.98,5.66,4.03,,29.3,0.44,2.61,
1061,9.46,0.44,4.08,,6.11,24.89,4.66,1.75,6.26,2.33,,35.66,0.15,4.22,
1062,7.81,0.7,2.43,,9.22,31.18,8.0,1.02,12.1,2.69,,21.83,0.19,2.82,
1063,8.61,0.62,2.46,,7.64,28.17,8.59,0.78,12.93,2.15,,23.96,0.35,3.74,
1064,12.09,0.2,5.75,,9.71,23.98,9.12,1.19,7.53,3.37,,22.2,0.79,4.06,
1065,5.46,0.39,3.22,,9.76,35.51,10.93,0.59,9.66,4.1,,18.44,0.1,1.85,
1066,6.4,0.75,2.4,,10.87,33.98,13.0,1.1,5.88,2.37,,19.76,0.36,3.12,
1067,5.36,0.6,1.19,,14.29,32.74,19.05,0.6,5.36,1.79,,17.86,0.0,1.19,
1068,8.27,0.43,4.12,,10.3,30.57,7.69,1.35,6.37,2.28,,22.69,0.31,5.63,
1069,7.63,0.21,1.46,,12.85,24.35,12.33,2.09,6.58,1.99,,26.75,0.21,3.55,
1070,4.27,0.23,2.27,,14.51,41.4,13.27,0.58,5.12,1.12,,13.93,0.08,3.23,
1071,5.0,0.37,3.54,,11.22,37.93,10.73,0.49,8.29,0.85,,18.66,0.12,2.8,
1072,3.61,0.6,1.8,,10.22,28.46,21.84,0.4,5.01,0.0,,15.63,0.0,12.42,
1073,3.57,0.0,3.57,,14.29,44.64,10.71,0.89,1.79,0.0,,15.18,0.0,5.36,
1074,5.92,0.2,2.17,,13.81,39.64,10.85,0.99,5.33,2.76,,14.79,0.0,3.55,
1075,6.67,0.0,3.33,,10.0,38.0,20.0,0.67,4.0,0.67,,13.33,0.0,3.33,
1076,11.87,0.88,1.52,,8.84,26.01,13.13,0.63,13.89,4.17,,15.15,0.63,3.28,
1077,9.2,0.18,4.47,,6.61,28.51,9.65,0.45,6.17,3.93,,28.06,0.36,2.41,
1078,8.1,0.48,4.0,,9.81,28.56,6.55,0.93,8.56,2.4,,25.81,0.13,4.66,
1079,6.38,0.0,4.26,,12.77,27.66,10.64,1.06,8.51,1.06,,25.53,1.06,1.06,
1080,9.01,0.42,1.47,,11.53,35.22,9.85,0.21,9.64,3.77,,14.68,0.63,3.56,
1081,15.1,1.26,1.68,,7.69,23.92,8.25,1.26,16.08,4.2,,17.34,0.28,2.94,
1082,7.89,0.35,2.7,,13.39,24.33,7.65,1.14,10.45,2.32,,25.69,0.16,3.93,
1083,6.48,0.46,1.85,,12.96,43.06,14.35,1.39,7.87,0.93,,8.33,0.46,1.85,
1084,8.96,0.0,4.48,,6.72,27.61,11.19,2.24,8.96,1.49,,24.63,0.75,2.99,
1085,9.33,0.0,2.59,,9.84,24.87,7.25,2.59,9.33,3.63,,22.8,0.52,7.25,
1086,7.33,0.39,2.69,,9.26,30.54,9.39,1.24,9.14,2.28,,23.35,0.15,4.24,
1087,8.64,0.0,2.47,,39.51,18.52,6.17,0.0,2.47,0.0,,18.52,0.0,3.7,
1088,7.65,1.38,2.63,,9.03,34.13,15.81,1.13,4.77,3.01,,16.06,1.0,3.39,
1089,5.35,0.2,3.3,,12.09,28.01,12.62,1.72,10.5,2.97,,16.78,0.53,5.94,
1090,10.8,0.38,2.94,,6.96,22.8,6.2,0.81,11.19,2.3,,32.1,0.14,3.37,
1091,8.59,0.61,1.23,,8.59,28.22,14.11,1.84,6.13,4.91,,22.09,0.0,3.68,
1092,9.15,0.32,3.47,,9.46,28.39,5.68,0.0,5.99,2.52,,31.55,0.0,3.47,
1093,12.73,1.03,2.28,,8.09,25.92,7.51,1.21,11.71,4.2,,22.52,0.22,2.59,
1094,6.41,0.4,2.34,,12.62,37.45,13.75,0.87,7.34,1.67,,13.95,0.4,2.8,
1095,8.05,0.42,1.27,,5.93,30.08,8.05,1.27,10.59,0.42,,32.2,0.85,0.85,
1096,6.12,1.06,2.39,,17.55,32.98,10.11,0.53,5.32,2.66,,16.22,0.27,4.79,
1097,8.5,0.35,3.14,,9.42,29.43,9.69,0.92,9.52,2.74,,22.75,0.27,3.26,
1098,6.42,0.42,1.8,,15.72,32.01,11.68,1.0,7.61,2.35,,18.15,0.25,2.6,
1099,8.65,0.59,2.41,,8.61,29.05,9.31,0.74,11.06,1.75,,24.34,0.26,3.22,
1100,23.53,1.47,2.21,,7.35,21.32,10.29,2.94,12.5,4.41,,11.76,0.0,2.21,
1101,6.23,0.23,2.8,,11.25,33.24,13.02,1.37,8.85,1.37,,19.07,0.29,2.28,
1102,4.94,0.26,2.99,,12.99,34.81,8.05,2.47,9.35,2.34,,20.0,0.13,1.69,
1103,6.64,0.0,0.83,,11.2,29.46,11.2,1.24,8.3,4.15,,22.41,0.83,3.73,
1104,6.32,0.51,4.62,,12.99,33.93,9.49,0.34,7.69,2.14,,18.55,0.34,3.08,
1105,7.05,0.25,2.52,,9.32,35.01,10.08,2.52,7.05,1.76,,21.41,0.0,3.02,
1106,5.57,0.38,2.83,,9.16,36.26,12.56,2.36,8.88,2.08,,16.53,0.28,3.12,
1107,3.08,0.21,1.92,,11.7,38.3,14.84,1.03,7.93,1.5,,16.48,0.27,2.74,
1108,6.2,0.78,0.0,,26.36,31.01,19.38,0.0,2.33,0.78,,8.53,0.78,3.88,
1109,5.96,0.42,1.94,,13.16,30.47,15.93,0.83,9.83,3.74,,15.79,0.14,1.8,
1110,7.08,0.33,2.27,,12.96,32.0,10.09,1.94,8.15,2.27,,18.5,0.2,4.21,
1111,4.7,0.34,3.02,,11.41,38.93,14.09,1.34,6.71,3.02,,14.77,0.34,1.34,
1112,7.13,0.49,3.01,,10.44,27.8,7.58,1.06,9.74,2.63,,26.86,0.18,3.08,
1113,6.87,0.24,2.37,,7.11,34.83,13.74,1.18,8.06,1.9,,19.67,0.0,4.03,
1114,14.29,0.26,2.65,,5.56,26.98,11.64,1.59,8.99,2.12,,22.75,0.53,2.65,
1115,7.51,0.51,3.72,,11.24,30.9,11.53,1.28,7.86,3.25,,16.95,0.43,4.82,
1116,8.17,0.28,2.89,,9.59,31.71,6.98,0.91,10.38,2.89,,22.18,0.06,3.97,
1117,9.8,0.78,0.39,,8.63,31.76,13.33,0.78,8.63,5.49,,18.04,0.39,1.96,
1118,3.79,0.0,0.76,,12.12,39.39,21.97,0.76,4.55,3.03,,12.12,0.76,0.76,
1119,5.42,0.17,2.62,,10.49,36.89,12.24,2.45,7.34,2.1,,17.48,0.52,2.27,
1120,9.24,0.42,3.26,,6.37,23.76,6.04,0.87,12.02,2.32,,31.6,0.1,4.0,
1121,0.0,0.0,0.0,,0.0,48.57,42.86,2.86,0.0,0.0,,2.86,0.0,2.86,
1122,7.29,0.0,1.75,,7.0,27.11,18.66,0.58,6.12,3.79,,25.95,0.29,1.46,
1123,5.42,0.0,2.41,,5.42,45.78,10.24,0.6,9.64,0.0,,18.07,0.0,2.41,
1124,7.18,0.0,1.44,,12.92,24.4,25.84,1.91,3.83,1.91,,20.57,0.0,0.0,
1125,9.81,0.27,3.44,,6.93,23.26,6.63,1.25,6.88,3.32,,33.46,0.23,4.53,
1126,7.05,0.22,2.49,,10.2,29.93,8.46,0.65,12.69,3.04,,21.26,0.33,3.69,
1127,6.67,0.44,2.85,,8.99,32.9,7.83,1.13,11.75,2.22,,21.54,0.09,3.59,
1128,7.73,0.32,3.27,,10.4,30.22,10.9,1.06,7.08,2.58,,22.26,0.18,4.0,
1129,11.05,0.56,2.81,,10.3,25.66,9.18,0.56,10.86,2.25,,23.41,0.19,3.18,
1130,6.08,0.54,2.46,,9.44,34.05,9.92,0.96,9.72,2.04,,21.33,0.2,3.24,
1131,5.71,0.0,0.0,,8.57,34.29,21.43,0.0,14.29,5.71,,8.57,0.0,1.43,
1132,5.76,0.11,1.74,,10.11,39.57,11.74,0.65,6.41,2.39,,18.48,0.33,2.72,
1133,6.23,0.39,0.39,,9.73,34.24,11.28,0.78,7.78,1.17,,23.74,1.17,3.11,
1134,3.63,0.24,1.45,,12.45,35.79,24.79,0.48,4.11,0.36,,14.39,0.36,1.93,
1135,5.7,0.73,2.28,,11.09,30.98,11.81,1.14,10.26,2.28,,21.35,0.1,2.28,
1136,6.35,0.0,2.49,,10.43,43.08,7.71,0.68,7.03,2.27,,16.1,0.45,3.4,
1137,7.38,0.5,2.35,,12.08,29.7,9.4,2.01,6.54,2.18,,22.32,0.67,4.87,
1139,10.39,0.33,2.19,,12.55,25.3,9.72,0.82,7.96,3.46,,23.88,0.39,3.01,
1140,7.14,0.32,0.97,,37.34,19.16,6.49,1.95,3.57,1.95,,18.51,0.0,2.6,
1141,3.79,0.0,6.16,,15.17,29.38,13.27,0.95,7.11,6.16,,15.17,0.0,2.84,
1142,6.35,0.0,1.72,,13.21,43.22,12.69,0.51,4.97,1.72,,13.38,0.17,2.06,
1143,8.97,0.45,3.59,,13.45,25.11,10.31,0.9,4.93,2.69,,24.22,0.9,4.48,
1144,8.18,0.31,3.55,,11.42,30.09,8.02,0.93,5.86,1.23,,24.38,0.31,5.71,
1145,7.89,0.0,0.0,,7.89,23.68,2.63,0.0,5.26,23.68,,26.32,0.0,2.63,
1146,6.88,0.45,2.99,,8.37,35.63,10.38,0.58,9.41,2.6,,18.49,0.19,4.02,
1147,15.32,0.87,0.87,,7.51,23.99,16.76,1.73,14.74,3.76,,10.12,0.87,3.47,
1148,7.62,0.88,2.93,,7.62,34.2,14.12,1.22,6.2,0.93,,21.15,0.29,2.83,
1149,7.55,0.23,1.6,,12.59,21.28,14.19,1.37,18.08,6.86,,13.73,0.46,2.06,
1150,6.13,0.19,2.49,,8.43,38.31,14.75,1.15,7.66,2.3,,14.75,0.57,3.26,
1152,5.76,0.0,1.75,,9.27,29.07,21.8,2.26,7.27,3.76,,14.79,1.0,3.26,
1153,13.2,0.51,4.57,,11.68,31.47,8.12,0.51,7.11,1.52,,18.78,0.0,2.54,
1154,10.65,0.38,2.66,,9.51,23.57,7.6,0.0,18.25,5.32,,18.25,0.0,3.8,
1155,5.79,0.0,1.58,,16.32,29.47,25.26,1.05,6.84,0.53,,12.11,0.0,1.05,
1156,7.94,0.29,3.64,,8.97,26.37,7.01,0.77,8.66,2.29,,29.49,0.14,4.42,
1157,5.13,2.56,2.56,,12.82,25.64,28.21,0.0,15.38,0.0,,7.69,0.0,0.0,
1158,7.16,0.29,2.29,,8.31,30.66,10.03,1.43,4.3,7.16,,21.78,0.29,6.3,
1159,7.85,0.0,2.53,,8.61,37.22,7.34,2.53,10.13,1.77,,18.99,0.0,3.04,
1160,7.9,0.23,2.61,,8.19,30.89,6.62,0.58,8.48,2.9,,29.21,0.41,1.97,
1161,6.52,0.39,1.89,,10.95,28.65,10.22,2.08,9.41,2.04,,22.79,0.46,4.59,
1162,6.91,0.33,0.99,,9.87,24.67,10.53,1.32,9.87,1.32,,31.91,0.0,2.3,
1163,3.21,0.43,3.85,,14.35,34.26,14.99,1.5,7.92,1.28,,15.63,0.21,2.36,
1164,9.91,0.39,2.35,,7.76,25.29,6.92,0.95,13.81,2.76,,26.99,0.13,2.74,
1165,9.26,0.0,0.0,,24.07,22.22,18.52,0.0,3.7,0.0,,22.22,0.0,0.0,
1166,6.15,0.65,2.59,,10.41,33.7,9.69,1.24,9.23,2.23,,21.01,0.29,2.81,
1167,7.59,0.0,2.53,,8.86,31.65,10.76,0.63,3.16,1.9,,31.65,0.63,0.63,
1168,6.61,0.49,2.32,,9.39,29.63,9.18,1.17,13.0,1.97,,23.59,0.11,2.54,
1169,10.47,0.0,5.42,,6.5,29.6,15.52,0.36,10.47,4.33,,16.25,0.0,1.08,
1170,5.34,0.25,1.74,,14.16,29.81,13.91,1.99,7.58,3.11,,19.13,0.37,2.61,
1171,7.0,0.5,2.51,,11.03,26.9,7.77,1.0,12.0,2.5,,25.03,0.17,3.61,
1172,7.95,0.55,3.01,,10.68,31.51,9.86,0.82,6.85,1.1,,22.74,0.27,4.66,
1173,4.89,0.3,3.56,,11.26,38.81,10.96,0.89,8.44,2.52,,15.11,0.15,3.11,
1174,4.58,0.51,2.54,,9.92,39.19,16.54,0.51,7.89,1.78,,13.49,0.0,3.05,
1175,7.07,0.31,2.23,,10.24,36.04,14.27,2.23,6.39,2.3,,14.52,0.56,3.85,
1176,3.86,0.53,2.28,,12.63,39.12,13.16,2.46,7.02,1.4,,14.56,0.35,2.63,
1177,8.04,0.89,3.57,,8.48,33.71,12.72,1.12,6.7,2.23,,18.3,0.89,3.35,
1178,2.98,0.31,2.77,,13.35,46.51,10.78,1.13,5.54,1.44,,12.01,0.0,3.18,
1179,5.85,0.0,1.95,,6.83,33.66,7.8,0.0,2.93,3.9,,32.2,0.0,4.88,
1180,10.67,0.36,4.7,,10.49,30.56,10.67,0.36,6.15,1.63,,19.35,0.18,4.88,
1181,5.97,0.47,2.72,,7.95,31.92,10.94,1.15,6.91,2.46,,26.01,0.37,3.14,
1183,7.94,0.26,6.11,,11.87,29.46,6.5,0.65,5.15,3.36,,22.87,0.13,5.67,
1184,7.46,0.48,2.42,,9.19,29.65,11.47,0.9,8.36,2.56,,23.64,0.55,3.32,
1185,11.16,0.47,2.33,,9.3,28.37,15.35,0.0,7.91,4.65,,18.6,0.0,1.86,
1186,8.67,0.0,2.33,,6.33,31.33,14.67,2.0,9.33,4.33,,18.67,0.0,2.33,
1187,6.39,0.0,2.5,,12.5,40.0,5.0,0.56,7.22,1.94,,21.11,0.56,2.22,
1188,5.83,0.0,3.88,,11.97,27.18,17.48,0.32,6.47,2.59,,18.45,0.65,5.18,
1189,7.58,0.69,2.97,,9.29,29.51,8.14,1.23,10.66,2.24,,24.04,0.1,3.54,
1190,10.98,0.75,3.12,,8.27,27.85,9.49,1.29,7.52,2.91,,23.85,0.27,3.73,
1191,10.18,0.38,3.85,,9.62,24.83,6.72,0.82,9.28,3.23,,26.47,0.21,4.4,
1192,9.78,0.18,5.34,,11.68,26.77,5.52,0.48,4.35,1.99,,26.08,0.14,7.69,
1193,7.28,0.45,3.17,,8.92,30.86,9.01,1.09,10.2,2.53,,22.59,0.2,3.71,
1194,8.49,0.3,3.1,,9.27,24.42,7.11,1.07,11.61,2.77,,28.1,0.29,3.46,
1195,6.23,0.31,2.0,,11.66,34.66,11.47,0.62,9.41,1.75,,18.7,0.06,3.12,
1196,9.99,0.28,3.38,,6.05,29.11,11.53,0.56,4.92,1.97,,26.86,0.28,5.06,
1197,4.76,0.36,3.13,,11.4,36.75,11.74,0.76,8.83,1.61,,16.94,0.24,3.49,
1198,8.18,0.42,1.68,,11.53,17.19,8.39,1.89,6.29,3.14,,36.06,0.42,4.82,
1199,7.08,0.38,2.32,,11.84,29.82,21.24,0.94,7.02,1.75,,15.6,0.56,1.44,
1200,8.89,0.87,1.3,,12.36,27.98,7.81,0.43,9.98,1.95,,24.95,0.43,3.04,
1201,5.33,0.0,3.25,,10.06,42.9,10.36,1.78,5.03,1.48,,15.98,0.0,3.85,
1202,12.05,0.6,4.22,,11.45,14.46,6.63,0.6,3.01,2.41,,39.76,0.0,4.82,
1203,4.68,0.83,2.29,,10.61,42.35,10.41,1.04,7.39,1.25,,16.86,0.1,2.19,
1204,5.61,0.93,2.8,,9.35,19.63,10.28,1.87,1.87,3.74,,38.32,0.93,4.67,
1205,15.75,0.14,2.17,,9.1,20.52,8.38,1.45,8.53,4.91,,23.41,0.43,5.2,
1206,3.98,0.27,0.8,,12.47,32.89,18.83,0.8,6.63,0.8,,19.1,0.8,2.65,
1207,7.73,0.0,4.12,,18.04,32.99,18.56,2.06,3.09,1.55,,9.28,0.52,2.06,
1208,8.89,1.11,3.33,,7.78,37.22,7.22,2.22,5.56,1.67,,22.78,1.11,1.11,
1209,5.62,1.12,2.81,,6.18,30.9,15.17,0.0,3.93,2.81,,30.9,0.0,0.56,
1210,7.81,0.0,1.74,,13.02,27.26,14.41,1.04,7.29,1.74,,20.14,3.82,1.74,
1211,7.47,0.1,2.49,,11.0,34.54,9.34,1.24,9.23,2.18,,17.43,0.0,4.98,
1212,0.0,0.0,3.13,,6.25,40.63,12.5,6.25,6.25,0.0,,21.88,0.0,3.13,
1213,7.47,0.18,3.28,,9.29,29.87,11.84,0.73,7.83,4.01,,22.4,0.0,3.1,
1214,9.0,0.43,3.16,,8.88,27.17,6.83,0.97,11.05,3.0,,26.18,0.13,3.21,
1215,5.86,0.62,2.97,,11.26,36.34,10.31,1.36,7.14,2.19,,18.85,0.12,2.97,
1216,3.98,0.15,2.52,,13.24,36.95,13.85,0.99,8.26,1.15,,16.14,0.08,2.68,
1217,6.09,0.47,3.11,,11.38,34.47,9.77,1.31,7.28,1.35,,21.12,0.18,3.46,
1218,7.86,0.31,3.08,,10.63,29.89,9.71,0.62,9.71,2.0,,21.26,0.62,4.31,
1219,6.76,0.35,2.85,,9.43,25.74,7.05,0.76,9.71,2.22,,31.35,0.11,3.65,
1220,7.09,0.31,2.9,,15.66,30.89,9.93,1.36,8.38,1.91,,17.88,0.18,3.51,
1221,5.01,0.0,2.08,,9.17,36.43,16.26,1.22,8.8,2.08,,14.91,0.24,3.79,
1222,9.57,0.51,3.26,,7.74,31.67,11.1,0.92,6.82,2.65,,22.61,0.2,2.95,
1223,5.3,0.15,2.46,,8.99,34.87,9.29,1.08,7.45,2.69,,22.27,0.46,4.99,
1224,3.54,0.0,2.65,,18.58,44.25,16.81,1.77,0.88,3.54,,7.96,0.0,0.0,
1225,4.79,0.33,1.67,,10.48,37.79,18.17,0.56,8.47,1.45,,14.05,0.33,1.9,
1226,14.81,0.0,1.48,,17.78,11.11,14.07,0.0,12.59,0.74,,21.48,2.96,2.96,
1227,4.05,0.29,1.45,,17.05,34.1,12.43,0.0,7.23,3.76,,16.76,0.0,2.89,
1228,8.54,0.42,4.42,,11.95,26.5,7.36,0.93,9.0,2.27,,23.81,0.21,4.59,
1229,9.94,0.78,2.27,,8.46,28.07,8.72,1.13,11.07,3.75,,22.32,0.52,2.96,
1230,10.53,0.26,2.11,,3.42,25.79,12.37,2.11,9.47,4.74,,26.05,0.26,2.89,
1231,4.97,0.0,3.45,,12.39,35.13,14.42,0.61,8.22,2.74,,15.03,0.2,2.84,
1232,10.87,0.0,2.9,,6.88,35.14,12.32,1.45,10.51,2.17,,15.94,1.45,0.36,
1233,8.66,0.43,3.03,,6.93,25.11,9.09,0.43,10.82,3.03,,28.14,0.87,3.46,
1234,10.0,3.33,3.33,,6.67,33.33,3.33,0.0,3.33,0.0,,33.33,0.0,3.33,
1235,6.86,0.31,2.65,,7.02,30.11,6.86,0.94,10.14,3.28,,27.46,0.16,4.21,
1236,6.63,0.39,4.11,,9.46,29.87,9.03,1.2,10.65,2.23,,21.57,0.09,4.79,
1237,6.39,0.26,4.02,,10.52,33.97,11.19,0.67,8.04,1.75,,19.85,0.26,3.09,
1238,6.93,0.0,1.98,,15.35,35.15,10.4,0.5,5.94,3.47,,17.82,0.0,2.48,
1239,7.85,0.68,1.02,,8.53,29.35,9.9,1.02,18.77,4.44,,17.06,0.34,1.02,
1240,6.57,0.42,2.93,,10.6,34.14,12.34,1.23,7.76,1.19,,18.66,0.17,3.99,
1241,6.27,0.61,3.59,,10.86,32.69,8.94,0.91,10.01,1.77,,20.41,0.05,3.89,
1242,8.75,0.65,2.61,,9.27,22.72,15.67,1.7,7.96,1.7,,26.11,0.39,2.48,
1243,5.77,0.72,2.76,,10.45,30.93,10.69,1.62,10.63,2.64,,20.24,0.48,3.06,
1244,6.86,0.59,3.6,,10.79,32.78,12.79,0.92,6.77,1.59,,19.15,0.33,3.85,
1245,15.18,0.42,1.87,,8.32,21.83,8.52,2.7,14.14,6.44,,19.13,0.0,1.46,
1246,6.67,0.31,2.48,,9.53,34.65,11.32,1.01,8.91,1.09,,20.16,0.62,3.26,
1247,9.17,0.44,1.75,,13.32,37.34,12.23,1.53,4.15,2.84,,14.19,0.44,2.62,
1248,6.72,0.51,3.05,,8.0,32.27,9.49,1.44,9.95,2.67,,20.86,0.26,4.79,
1249,8.94,0.36,4.09,,8.77,27.95,6.06,0.79,8.98,2.44,,26.6,0.23,4.8,
1250,7.62,0.67,4.55,,8.82,31.55,12.3,0.53,8.16,1.34,,19.39,0.13,4.95,
1251,5.19,0.0,1.48,,8.89,40.74,12.59,0.0,11.85,8.89,,9.63,0.0,0.74,
1252,6.67,0.57,2.7,,18.55,24.03,7.04,1.13,8.36,2.58,,25.47,0.19,2.7,
1253,8.32,0.11,2.3,,13.03,28.59,9.53,1.31,8.76,3.4,,21.36,0.66,2.63,
1254,7.81,0.27,3.69,,12.15,31.72,7.59,0.7,8.62,2.82,,20.55,0.22,3.85,
1255,10.71,0.91,2.53,,9.65,25.35,8.03,1.06,15.45,4.19,,19.7,0.2,2.22,
1256,8.77,0.6,2.71,,9.97,25.95,9.57,1.2,18.44,2.86,,17.18,0.4,2.35,
1257,8.74,0.5,3.32,,9.36,30.79,8.96,0.76,11.06,2.08,,21.52,0.19,2.72,
1258,3.33,1.33,2.67,,20.0,36.67,18.67,1.33,3.33,2.0,,7.33,0.67,2.67,
1259,5.11,0.19,3.98,,14.39,46.21,10.04,0.38,4.36,1.33,,11.74,0.19,2.08,
1260,4.55,0.41,2.6,,13.09,36.83,12.2,0.65,8.94,1.54,,16.26,0.33,2.6,
1261,3.57,0.27,1.92,,9.89,34.62,9.62,1.1,5.49,2.47,,27.47,0.0,3.57,
1262,7.47,0.55,1.94,,10.37,31.4,11.62,0.69,8.44,2.07,,20.89,0.41,4.15,
1263,4.18,0.0,3.06,,19.22,41.5,15.32,0.0,2.23,1.39,,9.19,0.0,3.9,
1264,11.87,0.91,1.83,,9.59,27.85,14.16,0.91,4.11,2.74,,22.37,1.37,2.28,
1265,6.97,0.4,2.38,,7.49,24.02,8.25,0.84,12.67,1.66,,32.51,0.19,2.62,
1266,7.41,0.69,3.84,,8.5,31.28,13.58,0.55,6.17,2.33,,22.63,0.69,2.33,
1267,4.05,0.96,2.7,,18.3,36.22,16.76,0.39,7.9,0.96,,9.63,0.39,1.73,
1268,4.35,0.0,3.62,,5.07,25.36,16.67,1.45,16.67,4.35,,17.39,0.0,5.07,
1269,7.0,0.14,3.25,,9.71,35.4,10.07,0.83,6.42,2.17,,22.19,0.29,2.53,
1270,8.38,0.65,2.47,,13.01,29.32,9.65,1.1,14.45,2.78,,15.62,0.14,2.44,
1271,6.43,0.54,3.49,,8.85,30.03,11.53,0.8,8.04,1.34,,24.4,0.54,4.02,
1272,11.71,0.31,4.16,,8.25,22.0,5.69,0.89,8.89,2.91,,29.84,0.13,5.22,
1273,4.78,0.39,1.9,,10.47,33.51,14.92,1.24,11.32,1.44,,18.13,0.26,1.64,
1274,6.3,0.39,3.94,,6.69,33.46,14.96,0.79,4.72,4.33,,22.05,0.39,1.97,
1275,15.7,0.51,2.46,,8.7,20.1,6.85,1.64,7.72,3.48,,29.67,0.2,2.97,
1276,9.33,0.37,2.47,,10.94,27.56,11.31,1.36,10.32,2.72,,18.91,0.12,4.57,
1278,5.43,0.0,0.78,,13.95,40.31,13.95,2.33,7.75,4.65,,10.08,0.78,0.0,
1279,9.41,0.35,1.74,,5.92,31.01,11.5,1.39,8.36,2.79,,24.39,0.0,3.14,
1280,8.41,0.23,3.48,,9.37,26.62,5.71,0.7,10.18,2.36,,27.75,0.17,5.01,
1281,4.03,0.81,2.42,,9.68,45.97,11.29,0.0,4.03,2.42,,18.55,0.0,0.81,
1282,7.32,0.0,1.63,,3.25,33.33,33.33,2.44,4.88,0.81,,10.57,0.81,1.63,
1283,10.8,1.33,1.83,,6.64,28.24,9.47,1.16,15.95,5.32,,15.78,0.83,2.66,
1284,10.55,0.27,2.74,,9.95,29.71,8.68,1.54,9.95,2.2,,20.83,0.13,3.47,
1285,13.37,0.28,2.23,,10.03,28.69,11.14,0.0,10.31,5.57,,14.21,0.28,3.9,
1286,8.12,0.0,2.79,,7.11,28.93,9.39,0.76,8.38,3.55,,23.86,0.76,6.35,
1287,5.32,0.09,2.49,,11.76,36.65,9.53,1.12,7.64,2.23,,20.34,0.52,2.32,
1288,1.67,0.0,1.67,,16.67,38.33,18.33,1.67,11.67,1.67,,3.33,1.67,3.33,
1289,5.2,0.45,1.81,,13.35,33.26,12.22,1.36,10.86,2.04,,16.52,0.68,2.26,
1290,5.6,0.49,2.07,,14.98,34.84,15.1,1.22,6.46,1.46,,15.23,0.24,2.31,
1291,14.38,0.63,2.19,,9.38,26.25,5.94,1.56,15.31,2.81,,18.13,1.56,1.88,
1292,8.3,0.53,2.61,,8.39,25.94,8.85,0.97,12.23,2.25,,26.23,0.24,3.46,
1293,5.76,0.38,2.61,,14.96,28.25,13.96,1.39,9.37,1.77,,18.96,0.46,2.14,
1294,7.13,0.44,2.62,,8.44,33.92,11.64,0.44,11.35,2.18,,19.21,0.15,2.47,
1295,4.59,0.24,2.17,,14.98,31.88,14.73,0.97,4.83,1.93,,19.32,0.0,4.35,
1296,4.67,1.33,4.67,,14.0,31.33,14.67,0.0,9.33,2.0,,9.33,1.33,7.33,
1298,6.82,0.0,0.38,,57.95,13.26,2.27,0.38,3.03,2.65,,10.61,0.0,2.65,
1299,6.04,0.1,2.53,,10.86,40.99,10.03,0.73,6.86,1.85,,16.89,0.15,2.97,
1300,4.04,0.43,2.04,,11.23,44.15,13.74,0.94,6.76,1.15,,12.8,0.3,2.42,
1301,5.79,0.48,2.41,,11.25,36.82,14.79,0.96,6.75,2.25,,15.27,0.32,2.89,
1302,7.13,0.32,4.28,,10.77,28.51,7.76,1.0,8.5,2.16,,24.29,0.26,5.02,
1303,10.97,0.92,3.28,,8.73,28.17,10.9,1.31,12.67,3.09,,16.81,0.2,2.95,
1304,5.42,0.22,4.56,,9.33,35.36,10.63,3.25,6.29,1.95,,20.17,0.0,2.82,
1305,11.0,0.31,2.9,,10.27,27.28,13.28,1.56,13.07,4.15,,13.07,0.52,2.59,
1306,12.65,1.2,2.41,,11.04,18.47,10.04,0.6,6.83,2.41,,31.53,0.8,2.01,
1307,7.7,0.37,2.25,,8.44,33.12,11.48,1.42,8.28,2.83,,21.17,0.16,2.78,
1308,8.05,0.54,2.67,,6.75,36.14,7.42,1.0,9.13,2.08,,22.97,0.04,3.21,
1309,8.04,0.45,3.35,,9.34,31.39,7.18,1.16,10.33,2.63,,21.98,0.17,3.99,
1310,6.95,0.48,2.88,,6.47,34.29,16.79,0.48,6.24,0.72,,21.34,0.0,3.36,
1311,5.78,0.15,3.7,,10.37,38.22,12.74,1.33,5.04,2.52,,16.44,0.74,2.96,
1312,10.57,0.0,1.32,,10.13,25.99,7.05,0.0,6.17,2.2,,33.04,0.44,3.08,
1313,3.79,0.2,3.79,,9.78,37.72,22.16,1.0,7.19,0.4,,12.77,0.2,1.0,
1314,7.33,0.4,3.15,,9.14,30.02,8.57,1.0,10.49,2.01,,23.65,0.33,3.92,
1315,7.06,0.57,2.66,,11.42,29.21,8.84,1.5,12.86,2.29,,20.24,0.21,3.15,
1316,7.59,0.26,2.38,,7.94,30.97,7.11,1.0,13.28,2.22,,23.8,0.19,3.25,
1317,10.29,0.46,1.23,,11.37,27.96,11.67,1.08,7.53,4.61,,21.04,0.31,2.46,
1318,7.1,0.19,0.38,,10.56,34.93,11.13,1.54,4.99,3.65,,22.84,0.96,1.73,
2002,5.91,0.27,2.42,,6.45,40.32,24.19,0.27,4.57,2.42,,8.06,0.81,4.3,
2003,5.3,0.76,3.79,,6.06,42.42,13.64,0.76,12.12,1.52,,12.12,0.0,1.52,
2004,4.92,0.94,2.97,,8.36,35.31,12.19,1.88,7.42,2.19,,20.63,0.31,2.89,
2006,3.72,0.31,1.24,,10.53,45.51,21.05,0.93,3.41,0.31,,10.53,0.0,2.48,
2007,6.71,0.44,2.62,,11.95,41.55,15.01,0.73,5.1,1.31,,12.39,0.0,2.19,
2008,4.65,0.0,2.33,,4.65,44.19,25.58,0.0,2.33,2.33,,11.63,0.0,2.33,
2009,0.0,0.0,2.75,,16.51,46.79,19.27,1.83,2.75,0.0,,8.26,0.0,1.83,
2011,4.56,0.57,1.71,,12.19,41.0,16.06,0.91,6.15,1.14,,14.24,0.11,1.37,
2014,5.88,0.0,4.41,,8.82,45.59,14.71,0.0,4.41,2.94,,8.82,2.94,1.47,
2015,4.43,1.0,3.99,,13.29,34.99,15.61,0.89,6.53,1.33,,15.39,0.0,2.55,
2016,4.77,1.31,3.21,,9.66,34.94,13.56,0.78,5.11,2.54,,18.88,0.27,4.97,
2017,5.88,0.96,3.12,,9.95,39.69,13.31,0.6,6.24,1.44,,16.19,0.24,2.4,
2021,2.15,0.21,4.51,,12.02,41.63,13.52,0.64,6.87,1.07,,13.52,0.0,3.86,
2025,1.92,5.77,4.81,,8.65,25.96,20.19,0.96,4.81,1.92,,20.19,0.0,4.81,
2029,0.0,0.0,3.77,,3.77,24.53,28.3,0.0,5.66,1.89,,20.75,3.77,7.55,
2030,2.95,0.59,0.29,,8.55,38.94,15.04,0.0,7.96,0.59,,20.65,0.0,4.42,
2031,5.79,0.3,2.97,,9.5,44.51,14.24,1.19,4.3,1.34,,12.02,0.3,3.56,
2032,2.89,0.96,1.2,,12.53,42.41,16.87,0.96,4.34,1.69,,13.25,0.24,2.65,
2033,2.29,0.76,1.53,,12.98,42.75,20.61,0.76,6.11,1.53,,9.16,0.0,1.53,
2035,4.07,0.81,2.44,,4.07,59.35,9.76,0.0,1.63,0.81,,15.45,0.0,1.63,
2041,0.0,0.0,0.0,,0.0,39.29,46.43,0.0,3.57,0.0,,10.71,0.0,0.0,
2042,6.19,0.77,2.8,,9.53,34.72,12.23,0.86,6.41,1.31,,20.99,0.5,3.7,
2043,9.18,2.04,0.0,,9.18,42.86,18.37,0.0,5.1,2.04,,8.16,0.0,3.06,
2045,0.0,0.0,0.0,,13.95,39.53,16.28,0.0,6.98,2.33,,13.95,0.0,6.98,
2047,4.86,0.0,2.13,,11.25,41.34,12.16,1.22,6.99,2.13,,15.81,0.3,1.82,
2048,3.91,0.0,0.0,,8.59,35.16,26.56,3.91,0.78,1.56,,14.06,0.0,5.47,
2049,4.5,0.48,2.08,,11.47,33.61,12.09,1.04,10.62,1.21,,20.1,0.39,2.42,
2052,2.05,2.46,2.05,,10.25,34.43,28.28,0.82,3.69,1.64,,11.89,1.64,0.82,
2054,4.71,0.36,2.17,,9.06,47.1,11.05,1.09,7.43,1.45,,12.68,0.72,2.17,
2057,4.94,0.0,0.0,,12.35,28.4,41.98,0.0,2.47,3.7,,2.47,1.23,2.47,
2058,6.31,0.0,3.03,,9.85,42.93,13.64,0.51,5.81,1.77,,13.64,0.0,2.53,
2059,1.98,0.4,0.4,,13.89,50.79,12.3,0.0,4.37,1.59,,11.9,0.79,1.59,
2061,4.6,0.37,2.4,,9.4,42.62,13.55,0.81,6.35,1.25,,15.88,0.14,2.64,
2062,4.55,0.38,0.76,,15.91,48.86,12.12,0.38,5.3,0.76,,9.85,0.38,0.76,
2065,0.83,0.0,0.0,,9.17,50.0,12.5,2.5,13.33,0.0,,10.0,0.0,1.67,
2066,6.25,0.0,1.7,,9.09,31.82,12.5,3.41,2.84,1.14,,29.55,0.57,1.14,
2067,7.73,1.55,0.52,,9.28,26.8,13.4,0.52,15.46,2.06,,20.62,0.0,2.06,
2068,2.62,0.29,4.94,,11.34,43.9,14.24,0.58,2.91,1.74,,15.41,0.29,1.74,
2070,6.3,1.68,1.26,,13.45,36.55,14.71,0.84,7.14,2.1,,13.03,0.0,2.94,
2071,3.91,0.13,1.79,,9.21,37.18,9.61,0.86,8.48,0.99,,24.59,0.6,2.65,
2072,3.94,0.61,4.55,,11.52,40.3,17.27,0.3,5.45,1.52,,11.52,0.0,3.03,
2078,11.11,0.0,3.17,,7.94,33.33,12.7,4.76,1.59,0.0,,20.63,0.0,4.76,
2079,3.96,0.57,1.41,,10.04,35.64,15.56,0.57,7.07,2.69,,19.94,0.28,2.26,
2082,3.23,0.27,1.35,,12.4,41.51,14.82,1.08,9.97,0.81,,12.94,0.0,1.62,
2088,4.17,0.88,2.85,,10.75,40.57,14.04,0.66,10.09,0.44,,10.96,0.44,4.17,
2089,4.31,0.0,0.86,,15.52,49.14,13.79,1.72,2.59,2.59,,8.62,0.0,0.86,
2090,5.25,0.49,2.79,,10.34,37.27,13.3,1.48,7.88,1.31,,17.57,0.0,2.3,
2091,4.26,0.53,0.53,,14.89,33.51,13.83,2.66,9.04,4.26,,12.23,0.0,4.26,
2093,3.47,0.39,2.32,,12.93,39.58,15.25,1.74,5.21,0.97,,16.41,0.19,1.54,
2096,10.14,0.0,7.25,,5.8,26.09,23.19,0.0,0.0,4.35,,18.84,0.0,4.35,
2097,3.85,1.28,2.56,,12.82,38.46,21.79,1.28,2.56,1.28,,8.97,1.28,3.85,
2102,3.08,0.0,3.96,,9.25,31.28,16.74,0.0,1.76,4.85,,24.67,0.44,3.96,
2104,3.6,1.2,2.8,,10.0,42.8,14.0,0.0,8.0,0.8,,14.0,0.0,2.8,
2107,4.98,0.77,2.82,,8.33,33.88,24.31,0.38,4.21,1.1,,16.22,0.19,2.82,
2108,2.49,0.41,1.24,,12.45,40.66,20.75,0.83,4.98,0.41,,13.69,0.41,1.66,
2110,5.88,0.0,0.0,,5.88,31.37,25.49,1.96,1.96,1.96,,15.69,1.96,7.84,
2113,2.17,0.0,0.0,,4.35,26.09,50.0,0.0,2.17,2.17,,10.87,2.17,0.0,
2115,7.73,0.91,0.91,,9.09,40.0,15.91,1.36,6.82,0.45,,14.09,0.0,2.73,
2116,3.47,0.78,2.34,,13.37,44.53,14.24,0.78,4.86,1.39,,10.68,0.26,3.3,
2118,3.81,1.27,1.27,,10.59,51.27,8.05,2.12,4.66,1.27,,13.98,0.42,1.27,
2121,3.75,2.5,1.25,,7.5,46.25,15.0,0.0,3.75,1.25,,13.75,1.25,3.75,
2122,2.07,0.41,4.15,,12.45,47.72,14.11,0.62,3.32,0.83,,12.24,0.0,2.07,
2126,11.25,0.0,2.5,,10.0,31.25,17.5,1.25,10.0,0.0,,16.25,0.0,0.0,
2127,4.26,0.0,4.26,,8.51,29.79,17.02,0.0,17.02,0.0,,14.89,0.0,4.26,
2128,6.96,0.38,2.04,,9.9,35.31,10.54,1.09,5.75,2.43,,21.58,0.13,3.9,
2131,3.56,0.18,2.31,,13.88,33.45,19.57,0.71,5.52,0.18,,18.86,0.36,1.42,
2133,4.5,0.85,2.74,,10.77,33.88,10.22,0.7,8.73,1.0,,22.26,0.18,4.17,
2134,5.39,0.98,1.47,,7.84,45.1,21.08,0.0,3.92,2.45,,10.78,0.0,0.98,
2135,0.5,1.0,2.49,,8.46,46.27,22.39,0.5,4.48,1.0,,7.96,0.0,4.98,
2137,4.36,0.42,1.94,,8.29,33.6,14.04,0.61,7.69,2.78,,21.0,0.3,4.96,
2142,2.43,0.75,2.81,,10.67,39.14,13.3,0.56,9.93,1.31,,17.23,0.75,1.12,
2147,4.41,0.55,1.65,,10.74,38.57,11.85,0.55,12.95,0.55,,16.25,0.28,1.65,
2148,4.91,0.32,3.01,,8.33,34.44,10.76,1.14,8.0,1.46,,24.49,0.04,3.09,
2150,3.63,0.44,2.91,,9.16,32.56,22.02,1.02,8.36,1.09,,15.92,0.29,2.62,
2152,4.48,0.56,2.1,,10.22,36.83,22.41,0.42,4.76,1.82,,12.89,0.56,2.94,
2156,6.17,0.58,3.01,,7.78,31.62,23.67,0.38,3.6,3.19,,16.55,0.14,3.32,
2158,5.66,0.51,3.6,,11.39,32.45,10.86,0.6,5.97,1.57,,22.76,0.16,4.48,
2163,5.19,0.94,0.94,,16.51,49.06,11.32,0.94,1.42,0.94,,10.38,1.89,0.47,
2164,3.84,0.57,1.28,,11.36,38.07,14.49,0.14,4.26,0.57,,22.16,0.43,2.84,
2166,1.47,0.0,2.94,,2.94,32.35,44.12,2.94,1.47,1.47,,8.82,0.0,1.47,
2170,1.32,2.63,1.32,,13.16,34.21,19.74,0.0,1.32,5.26,,11.84,2.63,6.58,
2171,5.77,0.0,2.1,,4.72,39.63,16.01,0.52,5.51,2.36,,18.64,0.26,4.46,
3001,7.24,0.5,5.37,,7.12,33.71,12.73,1.12,4.87,2.75,,19.1,0.0,5.49,
3002,9.02,0.2,2.75,,7.65,34.12,9.61,1.18,8.43,3.33,,19.41,0.2,4.12,
3006,5.81,0.17,1.65,,10.41,37.9,16.31,1.13,4.77,1.73,,17.52,0.17,2.43,
3008,5.5,0.44,4.02,,9.94,30.43,13.8,1.09,5.79,2.26,,22.42,0.2,4.11,
3012,4.57,0.23,2.97,,11.19,37.67,13.7,0.0,7.08,1.83,,18.26,0.0,2.51,
3016,4.69,0.48,2.84,,10.88,37.67,11.48,0.86,9.23,1.34,,17.98,0.15,2.38,
3018,2.64,0.0,2.64,,9.89,41.32,17.14,1.32,6.81,0.66,,14.51,0.0,3.08,
3019,4.8,0.63,2.09,,8.77,43.01,9.39,0.63,6.68,1.88,,18.58,0.63,2.92,
3021,4.79,0.71,5.14,,10.46,38.12,9.75,0.89,7.27,1.24,,18.44,0.35,2.84,
3022,5.79,1.01,2.46,,6.22,36.61,14.33,0.0,8.68,1.16,,19.68,0.58,3.47,
3023,6.09,0.11,1.96,,9.03,40.15,15.45,0.44,7.73,1.2,,15.02,0.33,2.5,
3024,5.29,0.31,4.23,,12.16,35.22,10.05,0.54,5.72,1.75,,20.25,0.18,4.3,
3025,7.1,0.65,3.12,,9.73,38.92,10.97,1.24,6.94,1.45,,17.2,0.0,2.69,
3026,5.32,0.22,3.91,,12.33,40.92,11.67,0.96,6.13,1.7,,13.81,0.07,2.95,
3027,2.9,0.85,1.53,,9.2,43.78,14.14,0.51,4.43,1.02,,18.57,0.17,2.9,
3030,4.28,0.54,2.95,,10.65,36.31,12.67,0.54,8.24,1.17,,20.22,0.31,2.1,
3032,5.35,0.21,2.77,,9.62,36.33,11.31,0.7,8.84,1.34,,20.42,0.17,2.93,
3036,4.3,0.56,2.23,,10.75,41.0,15.68,0.64,5.73,1.83,,14.01,0.4,2.87,
3037,4.74,0.9,1.81,,9.93,35.89,16.48,0.9,6.09,3.16,,17.83,0.23,2.03,
3039,3.38,0.78,1.3,,12.99,38.7,16.36,1.56,6.75,1.3,,14.55,0.26,2.08,
3040,4.95,0.39,2.6,,8.59,35.42,15.49,0.65,8.46,1.82,,18.36,0.13,3.13,
3041,2.56,0.64,0.32,,14.06,43.77,11.5,0.0,4.79,0.32,,19.17,0.0,2.88,
3042,3.09,0.62,1.23,,9.26,43.21,20.99,0.0,7.41,0.0,,11.73,0.0,2.47,
3043,5.62,0.37,2.91,,9.51,33.83,12.23,1.02,7.97,1.81,,21.07,0.27,3.39,
3044,5.43,0.0,1.36,,12.22,27.6,15.84,0.9,6.33,0.0,,23.53,0.45,6.33,
3045,3.84,0.9,2.26,,10.16,34.99,14.9,0.9,6.77,2.26,,20.09,0.0,2.93,
3047,6.01,0.31,2.77,,11.25,34.98,18.18,1.54,5.39,1.39,,15.87,0.0,2.31,
3049,3.93,0.35,2.07,,12.77,35.86,13.79,0.91,7.12,1.12,,19.23,0.21,2.63,
3051,5.88,0.0,1.04,,12.11,36.33,16.96,0.69,6.57,0.35,,15.22,1.04,3.81,
3052,5.35,0.37,3.14,,12.92,40.59,8.86,0.74,4.98,0.92,,18.08,0.0,4.06,
3055,7.35,0.62,4.73,,8.72,27.65,12.58,1.0,7.1,1.0,,25.78,0.25,3.24,
3058,4.33,0.46,4.17,,13.45,35.16,11.13,0.46,6.18,0.93,,20.71,0.15,2.86,
3060,5.26,0.0,3.57,,10.15,38.91,12.97,1.69,9.21,0.94,,13.72,0.0,3.57,
3062,5.21,0.2,3.7,,13.01,37.04,10.41,1.0,5.91,1.6,,17.62,0.2,4.1,
3065,5.94,0.34,2.4,,12.46,34.51,14.17,1.03,7.77,0.69,,16.46,0.23,4.0,
3066,5.44,0.37,3.58,,10.44,34.68,11.04,1.42,7.01,1.79,,20.66,0.07,3.5,
3068,5.23,0.44,2.38,,10.91,31.24,11.35,0.64,9.19,1.5,,23.71,0.21,3.2,
3069,5.42,0.32,2.39,,12.92,38.92,11.48,0.8,7.02,0.8,,17.54,0.16,2.23,
3070,4.96,0.0,1.76,,9.41,43.54,12.82,0.52,7.45,1.34,,14.58,0.41,3.21,
3073,4.49,0.41,3.36,,9.68,38.31,16.65,1.0,4.78,1.12,,16.71,0.24,3.25,
3076,5.16,0.3,3.36,,11.14,41.42,10.14,0.96,6.86,1.0,,16.16,0.33,3.17,
3077,6.24,0.0,3.21,,8.38,39.39,12.3,0.18,6.95,2.67,,17.29,0.36,3.03,
3079,5.1,0.84,3.12,,8.84,35.77,14.12,0.79,6.91,1.5,,19.71,0.13,3.17,
3082,7.34,0.52,4.87,,7.49,35.06,10.85,0.79,5.45,2.2,,20.49,0.05,4.87,
3083,3.93,0.0,0.44,,8.3,44.54,20.09,3.06,2.18,1.31,,10.92,0.44,4.8,
3084,6.76,0.1,5.31,,14.46,32.57,9.89,0.31,5.1,2.29,,19.67,0.1,3.43,
3088,5.36,0.74,2.0,,10.19,41.81,10.92,0.95,5.67,1.68,,17.33,0.74,2.63,
3090,5.65,0.0,0.81,,14.52,36.29,24.19,0.0,4.84,0.0,,9.68,0.81,3.23,
3091,3.37,0.25,2.62,,9.23,40.02,13.47,0.62,7.36,0.62,,17.96,0.37,4.11,
3093,4.86,0.34,3.85,,12.56,41.37,12.4,0.67,2.51,1.17,,14.57,0.34,5.36,
3095,5.23,0.94,5.62,,11.71,37.24,11.4,0.62,4.76,2.34,,16.32,0.16,3.67,
3097,6.57,0.2,2.79,,7.57,31.67,12.75,1.39,8.57,1.59,,22.11,0.4,4.38,
3098,5.79,1.22,1.22,,11.59,35.98,9.45,0.3,5.79,2.44,,22.26,0.61,3.35,
3100,4.95,0.3,3.15,,9.68,38.66,15.09,0.98,5.93,1.43,,16.22,0.3,3.3,
3103,7.2,0.36,5.16,,11.88,38.18,10.92,0.6,6.72,1.44,,13.09,0.12,4.32,
3104,3.17,0.79,3.17,,15.04,35.09,13.46,1.58,4.75,1.85,,18.73,0.0,2.37,
3106,6.44,0.61,3.77,,8.76,31.61,9.65,0.74,7.95,1.84,,24.41,0.15,4.09,
3108,5.59,0.42,2.88,,10.18,37.24,11.23,1.04,7.51,1.68,,18.45,0.22,3.55,
3109,7.34,0.56,3.35,,13.73,35.36,9.5,0.72,5.83,1.52,,18.52,0.32,3.27,
3112,7.33,0.51,2.04,,11.07,34.58,9.88,1.02,4.94,3.07,,21.98,0.68,2.9,
3114,4.54,0.36,3.36,,9.81,37.87,13.53,1.09,6.81,1.27,,16.98,0.27,4.09,
3115,3.87,0.0,3.87,,10.18,42.77,11.81,1.22,4.89,0.61,,17.11,0.41,3.26,
3116,6.5,0.17,4.1,,8.21,35.73,7.52,0.68,5.64,4.27,,23.08,0.85,3.25,
3119,5.56,0.44,4.44,,11.11,31.78,10.89,1.33,6.67,1.56,,22.0,0.67,3.56,
3120,3.24,0.85,2.12,,10.58,40.48,15.8,1.13,6.77,2.12,,13.68,0.56,2.68,
3121,8.84,0.25,2.24,,8.22,42.59,11.33,1.12,7.47,1.49,,14.2,0.37,1.87,
3122,4.73,0.2,3.45,,10.65,34.22,16.67,0.69,5.62,1.68,,17.65,0.89,3.55,
3129,3.84,0.45,1.58,,16.48,35.67,17.61,0.68,5.64,0.45,,14.45,0.45,2.71,
3130,4.11,0.22,3.89,,9.22,35.49,11.63,0.66,7.62,1.32,,22.22,0.27,3.35,
3131,5.73,0.42,2.54,,11.43,35.63,10.89,0.81,8.2,1.27,,19.82,0.23,3.04,
3133,4.18,1.33,2.03,,11.72,39.96,14.63,0.51,5.26,1.39,,15.64,0.32,3.04,
3134,4.44,0.34,1.71,,9.9,40.61,11.26,0.34,5.46,2.05,,21.16,0.34,2.39,
3135,2.68,0.56,3.24,,13.06,42.63,13.73,1.23,4.13,1.0,,14.4,0.22,3.13,
3138,2.9,0.97,2.58,,10.0,43.87,14.84,0.65,3.55,2.58,,16.77,0.0,1.29,
3139,4.85,0.44,2.2,,8.22,43.91,12.19,0.59,4.99,1.03,,18.36,0.73,2.5,
3140,7.65,0.61,2.14,,8.56,40.67,8.26,1.53,6.42,1.53,,19.88,0.0,2.75,
3141,3.49,0.73,1.28,,12.48,39.63,17.43,0.0,7.89,1.65,,11.74,0.55,3.12,
3143,5.4,0.76,2.75,,7.39,33.71,12.69,0.85,7.39,1.7,,24.34,0.09,2.94,
3144,4.67,1.17,3.11,,9.34,38.52,15.18,1.17,3.89,1.56,,21.4,0.0,0.0,
3146,7.52,0.2,1.98,,11.49,32.87,14.26,1.19,5.15,0.79,,22.57,0.2,1.78,
3149,6.06,0.35,2.63,,10.76,34.28,11.17,0.78,9.66,1.24,,19.55,0.21,3.3,
3153,4.61,0.66,4.39,,9.87,37.5,12.5,2.41,5.7,1.32,,17.76,0.22,3.07,
3154,7.44,0.28,3.0,,8.93,36.13,12.32,0.67,6.88,1.44,,20.09,0.28,2.55,
3158,6.19,0.38,1.69,,12.29,37.34,14.63,1.13,7.88,0.94,,14.73,0.19,2.63,
3159,3.85,0.23,2.27,,8.62,34.47,24.72,0.45,7.48,1.36,,14.29,0.23,2.04,
3164,6.19,0.88,1.33,,8.41,50.44,13.72,0.88,6.64,0.0,,9.73,0.0,1.77,
3166,4.99,0.18,3.05,,11.73,38.57,14.82,0.65,5.56,1.26,,15.21,0.22,3.77,
4001,3.49,1.16,1.16,,5.81,32.56,18.6,3.49,2.33,3.49,,26.74,1.16,0.0,
4002,2.65,0.88,1.77,,10.62,36.28,12.39,0.88,1.77,6.19,,20.35,0.88,5.31,
4003,6.55,0.3,3.71,,12.6,26.87,9.5,0.93,5.44,1.87,,27.63,0.22,4.39,
4004,6.78,0.0,0.0,,19.49,32.2,20.34,1.69,3.39,0.0,,11.86,0.0,4.24,
4005,5.48,0.0,2.74,,6.85,39.73,5.48,1.37,12.33,0.0,,24.66,0.0,1.37,
4006,5.45,0.0,0.0,,10.91,60.0,7.27,1.82,5.45,0.0,,7.27,0.0,1.82,
4007,3.51,0.88,1.75,,7.02,39.47,17.54,0.88,0.88,3.51,,22.81,1.75,0.0,
4008,5.65,0.47,1.65,,13.88,28.24,20.71,1.41,7.06,1.41,,16.0,0.24,3.29,
4009,6.18,0.41,2.52,,16.58,35.35,12.59,1.14,4.44,1.69,,16.58,0.05,2.47,
4010,5.49,0.2,3.73,,12.94,37.84,13.53,0.59,7.06,1.57,,15.1,0.2,1.76,
4011,3.97,0.36,5.05,,22.38,30.69,9.03,1.08,2.89,1.44,,18.77,0.0,4.33,
4012,4.33,0.39,2.09,,18.3,35.44,17.7,0.53,4.72,1.42,,12.2,0.11,2.77,
4013,6.06,0.25,4.04,,34.34,23.74,8.33,0.25,2.78,1.26,,15.91,0.51,2.53,
4014,4.25,0.0,2.32,,12.36,31.66,14.29,0.77,9.27,2.32,,18.53,0.77,3.47,
4015,5.22,0.0,1.74,,7.83,20.87,27.83,0.87,6.09,1.74,,26.09,0.0,1.74,
4016,5.05,0.7,4.0,,7.93,37.61,12.35,0.91,6.67,2.6,,19.51,0.21,2.46,
4017,1.79,0.0,0.0,,7.14,42.86,25.0,0.0,3.57,1.79,,17.86,0.0,0.0,
4018,1.27,0.0,4.43,,13.92,34.18,16.46,0.63,6.96,0.0,,20.25,0.63,1.27,
4019,6.65,0.42,3.15,,14.43,32.91,12.96,1.19,6.51,2.03,,15.97,0.21,3.57,
4020,8.0,0.0,2.22,,13.78,42.67,12.44,1.33,4.0,1.33,,12.0,0.44,1.78,
4021,3.45,0.0,3.45,,10.34,24.14,3.45,3.45,6.9,0.0,,41.38,0.0,3.45,
4022,6.5,0.63,3.51,,7.12,35.71,13.76,0.77,6.54,1.97,,19.06,0.19,4.23,
4023,14.58,0.0,4.17,,8.33,33.33,12.5,2.08,8.33,2.08,,10.42,0.0,4.17,
4024,3.68,0.53,2.63,,15.26,31.05,17.89,0.53,5.26,1.58,,19.47,0.53,1.58,
4025,6.5,0.51,3.31,,8.86,33.1,11.35,0.7,6.34,3.39,,21.05,0.15,4.72,
4026,0.0,0.0,3.61,,8.43,45.78,19.28,0.0,4.82,1.2,,16.87,0.0,0.0,
4027,4.22,0.0,1.51,,18.98,32.53,14.76,3.01,8.43,1.81,,10.84,0.6,3.31,
4028,7.06,0.28,2.96,,9.86,35.57,11.11,0.8,5.19,3.56,,19.2,0.32,4.08,
4029,6.5,0.37,3.02,,10.75,31.04,12.03,0.79,5.79,1.84,,22.97,0.15,4.75,
4030,5.21,1.04,2.08,,15.1,34.9,18.75,0.0,6.25,2.6,,11.46,0.0,2.6,
4031,9.52,0.0,9.52,,23.81,33.33,14.29,0.0,4.76,0.0,,0.0,0.0,4.76,
4032,3.55,0.0,2.37,,12.43,47.93,18.93,0.59,4.14,0.0,,8.88,0.0,1.18,
4033,4.86,0.42,2.11,,10.15,38.69,15.86,1.48,4.23,2.75,,17.34,0.0,2.11,
4034,5.03,0.42,4.19,,10.54,38.71,15.59,0.91,4.49,2.6,,13.78,0.2,3.54,
4035,3.58,0.98,2.28,,15.64,31.92,15.96,0.98,5.54,2.61,,18.89,0.0,1.63,
4037,6.54,0.45,2.73,,15.26,35.94,11.44,1.87,5.39,1.68,,15.37,0.15,3.18,
4038,1.92,1.92,1.92,,5.77,55.77,19.23,1.92,1.92,0.0,,9.62,0.0,0.0,
4039,6.98,2.33,2.33,,9.3,32.56,6.98,0.0,6.98,9.3,,13.95,0.0,9.3,
4040,6.13,0.37,2.68,,9.85,38.3,14.73,0.67,4.54,2.38,,16.47,0.15,3.72,
4041,5.22,0.35,3.39,,13.13,43.74,12.43,0.78,4.78,0.96,,12.09,0.17,2.96,
4042,2.76,0.69,2.59,,14.66,43.97,15.17,0.34,3.62,1.21,,12.24,0.17,2.59,
4043,4.6,0.41,2.71,,13.91,35.36,12.79,0.77,7.07,2.47,,16.32,0.18,3.42,
4044,4.65,0.0,4.65,,4.65,19.77,36.05,0.0,5.81,1.16,,16.28,2.33,4.65,
4045,5.42,0.99,1.31,,13.14,44.17,14.78,0.82,5.91,1.64,,9.52,0.0,2.3,
4046,4.67,0.19,2.82,,16.55,32.62,12.46,1.75,6.91,1.46,,16.26,0.19,4.09,
4047,1.59,1.59,6.35,,11.11,58.73,6.35,4.76,0.0,0.0,,6.35,1.59,1.59,
4049,6.57,0.45,1.04,,12.24,42.99,12.99,0.75,4.33,1.64,,12.99,0.15,3.88,
4050,2.52,0.63,1.89,,16.98,25.79,27.67,0.63,3.14,0.0,,14.47,1.26,5.03,
4051,4.08,0.23,2.95,,18.37,32.65,17.91,0.45,5.9,0.91,,12.02,0.68,3.85,
4052,3.73,2.24,0.75,,7.46,44.78,22.39,1.49,2.99,0.75,,11.94,0.0,1.49,
4053,0.0,0.0,0.0,,20.0,46.67,6.67,0.0,0.0,3.33,,20.0,3.33,0.0,
4054,4.17,0.0,0.0,,22.92,33.33,14.58,2.08,6.25,6.25,,10.42,0.0,0.0,
4055,4.18,0.28,3.06,,11.14,32.03,15.6,2.23,6.13,1.11,,18.38,0.56,5.29,
4056,3.99,0.61,2.45,,12.88,36.81,23.31,0.0,3.37,1.84,,11.04,0.31,3.37,
4057,5.26,0.0,0.96,,17.22,31.58,23.92,0.48,6.22,1.91,,11.96,0.0,0.48,
4058,4.64,0.27,0.55,,10.38,47.81,20.22,0.55,3.83,0.82,,7.65,0.55,2.73,
4059,4.99,0.32,4.03,,10.38,37.97,11.44,0.64,5.22,2.38,,18.57,0.14,3.93,
4060,7.27,1.82,1.82,,5.45,40.0,20.0,1.82,3.64,0.0,,14.55,1.82,1.82,
4061,4.06,0.5,2.43,,11.11,40.62,17.57,0.94,4.77,2.03,,12.82,0.22,2.93,
4062,5.5,0.66,2.56,,13.28,37.95,12.62,0.09,5.41,2.37,,16.79,0.0,2.75,
4063,8.08,0.0,3.03,,14.14,33.33,19.19,0.51,4.04,1.52,,13.64,1.01,1.52,
4064,5.48,0.37,3.13,,9.5,35.84,12.58,0.73,5.56,3.65,,18.99,0.24,3.94,
4065,3.37,0.58,3.08,,18.37,37.79,16.06,0.48,4.62,0.87,,11.92,0.48,2.4,
4066,4.77,0.27,3.21,,12.52,31.96,17.45,0.74,6.92,1.96,,15.88,0.23,4.07,
4067,4.54,0.31,2.69,,13.67,36.79,15.17,0.81,5.38,1.5,,14.63,0.23,4.29,
4068,5.79,0.43,2.07,,11.05,38.52,16.1,1.06,4.14,2.23,,15.67,0.32,2.6,
4069,3.3,0.0,1.1,,16.48,30.77,18.68,1.1,5.49,6.59,,15.38,0.0,1.1,
4070,4.08,2.04,0.0,,24.49,36.73,8.16,0.0,12.24,2.04,,4.08,0.0,6.12,
4071,3.76,0.23,1.64,,10.09,35.92,18.08,1.41,5.63,2.11,,18.31,0.47,2.35,
4072,3.74,0.51,2.43,,10.93,40.79,14.37,0.1,5.36,1.21,,17.61,0.3,2.63,
4073,5.82,0.34,2.01,,14.88,35.57,16.22,1.12,3.69,1.01,,17.0,0.0,2.35,
4074,5.6,0.24,1.7,,19.46,26.03,23.36,0.73,4.62,0.49,,16.79,0.0,0.97,
4075,5.15,0.23,4.15,,9.38,39.23,13.85,1.0,4.69,1.85,,16.69,0.31,3.46,
4076,4.03,0.67,4.03,,12.75,34.9,22.15,4.03,2.01,1.34,,13.42,0.0,0.67,
4077,2.67,0.0,0.0,,9.33,41.33,16.0,4.0,1.33,1.33,,24.0,0.0,0.0,
4078,7.84,0.39,4.23,,7.81,28.38,8.26,0.76,5.62,4.34,,26.98,0.14,5.24,
4079,5.39,0.0,2.57,,6.99,39.09,12.62,0.37,5.02,4.17,,21.2,0.25,2.33,
4080,4.07,0.24,2.69,,13.7,36.0,13.76,1.08,4.49,0.66,,18.9,0.18,4.25,
4081,5.02,0.17,2.38,,14.05,33.55,13.58,0.95,6.96,2.33,,17.68,0.17,3.16,
4082,7.46,0.14,4.23,,9.62,33.84,12.92,0.72,5.27,2.98,,19.2,0.22,3.41,
4083,13.04,0.0,4.35,,4.35,47.83,8.7,0.0,0.0,17.39,,4.35,0.0,0.0,
4084,5.11,0.3,3.9,,7.21,48.95,7.51,0.6,4.8,1.2,,17.72,0.0,2.7,
4085,1.9,0.18,2.72,,15.78,46.96,20.31,0.54,2.54,0.73,,6.98,0.0,1.36,
4086,4.93,0.26,2.59,,12.06,38.13,14.01,0.91,6.36,3.63,,14.01,0.26,2.85,
4087,2.52,1.26,1.26,,11.76,42.86,17.23,0.42,7.14,0.84,,13.87,0.0,0.84,
4088,2.76,1.66,3.31,,12.71,27.07,22.65,2.76,4.42,0.55,,17.13,0.0,4.97,
4089,4.68,0.57,3.4,,9.44,32.52,16.01,1.11,4.7,1.77,,21.7,0.16,3.93,
4090,3.48,0.0,3.21,,15.78,39.57,11.23,1.6,4.28,1.07,,16.58,0.27,2.94,
