CODICE ISTAT,+EUROPA,ALLEANZA VERDI E SINISTRA,ALTERNATIVA PER L'ITALIA - NO GREEN PASS,AZIONE - ITALIA VIVA - CALENDA,FORZA DEL POPOLO,FORZA ITALIA,FRATELLI D'ITALIA CON GIORGIA MELONI,FREE,IMPEGNO CIVICO LUIGI DI MAIO - CENTRO DEMOCRATICO,ITALEXIT PER L'ITALIA,ITALIA SOVRANA E POPOLARE,LEGA PER SALVINI PREMIER,MASTELLA NOI DI CENTRO EUROPEISTI,MOVIMENTO 5 STELLE,NOI MODERATI/LUPI - TOTI - BRUGNARO - UDC,PARTITO ANIMALISTA - UCDL - 10 VOLTE MEGLIO,PARTITO COMUNISTA ITALIANO,PARTITO DELLA FOLLIA CREATIVA,PARTITO DEMOCRATICO - ITALIA DEMOCRATICA E PROGRESSISTA,SUD CHIAMA NORD,SÜDTIROLER VOLKSPARTEI (SVP) - PATT,UNIONE POPOLARE CON DE MAGISTRIS,VITA,TOTALE VOTI LISTE
1001,2.75,2.83,,10.32,,9.57,30.62,,0.33,2.08,2.08,12.15,,9.48,0.75,,,,15.06,,,0.75,1.25,100.0
1002,4.03,3.14,,6.11,,7.77,26.97,,0.41,2.49,1.96,10.31,,15.47,0.24,,,,18.85,,,1.13,1.13,100.0
1003,8.44,2.95,,4.64,,11.39,30.8,,0.84,0.42,1.27,14.35,,7.59,1.69,,,,13.08,,,2.11,0.42,100.0
1004,2.81,2.81,,5.97,,7.61,42.39,,0.47,1.76,1.41,10.3,,6.67,0.12,,,,15.81,,,1.52,0.35,100.0
1006,4.12,5.34,,8.61,,6.02,22.58,,0.27,4.15,2.37,7.83,,14.78,0.45,,,,18.64,,,3.12,1.72,100.0
1007,2.13,21.28,,5.67,,1.42,24.11,,0.0,0.71,4.26,11.35,,5.67,17.02,,,,3.55,,,2.84,0.0,100.0
1008,4.43,3.97,,7.52,,6.48,24.73,,0.37,2.95,2.11,9.23,,14.31,0.46,,,,20.76,,,1.23,1.46,100.0
1009,4.75,5.24,,8.8,,7.62,30.46,,0.4,2.97,1.29,11.57,,10.98,0.49,,,,13.55,,,0.79,1.09,100.0
1010,3.72,5.58,,9.77,,5.58,27.91,,0.47,2.79,3.26,12.56,,6.05,0.0,,,,19.07,,,1.4,1.86,100.0
1011,5.65,11.83,,4.84,,7.26,16.94,,0.54,2.69,2.69,10.22,,7.53,0.0,,,,20.7,,,6.99,2.15,100.0
1012,2.75,5.34,,6.54,,10.15,32.36,,0.69,1.55,1.55,14.29,,7.06,0.34,,,,14.8,,,0.69,1.89,100.0
1013,4.39,5.38,,8.47,,7.18,23.66,,0.62,2.9,2.08,8.51,,12.62,0.74,,,,18.65,,,3.16,1.63,100.0
1014,4.8,3.64,,6.95,,7.12,23.84,,0.33,5.3,3.97,14.57,,8.44,0.33,,,,17.22,,,2.15,1.32,100.0
1015,3.09,2.81,,6.74,,8.71,36.52,,0.56,3.93,0.56,10.39,,6.74,0.56,,,,17.7,,,1.4,0.28,100.0
1016,4.37,3.98,,8.16,,7.51,29.11,,0.13,2.94,1.11,14.36,,9.66,0.72,,,,16.19,,,1.11,0.65,100.0
1017,3.04,3.04,,3.42,,18.25,34.98,,0.0,4.56,0.76,8.75,,6.84,0.38,,,,14.83,,,0.0,1.14,100.0
1018,6.07,6.16,,14.15,,6.94,24.77,,0.28,1.52,1.7,7.17,,8.59,0.74,,,,19.9,,,0.97,1.06,100.0
1019,8.33,6.25,,4.17,,12.5,29.17,,2.08,4.17,2.08,6.25,,8.33,0.0,,,,14.58,,,2.08,0.0,100.0
1020,3.55,5.4,,8.81,,6.01,22.27,,0.89,2.66,2.6,7.24,,11.27,0.27,,,,25.61,,,2.12,1.3,100.0
1021,2.45,2.04,,5.17,,12.24,39.18,,0.27,1.77,0.54,12.24,,4.63,0.41,,,,17.96,,,0.27,0.82,100.0
1022,3.12,2.51,,8.47,,9.89,37.87,,0.07,2.37,2.03,10.5,,6.91,0.61,,,,14.16,,,0.61,0.88,100.0
1023,5.15,3.68,,9.93,,3.31,24.63,,0.0,4.41,0.74,10.29,,6.99,0.0,,,,28.31,,,1.84,0.74,100.0
1024,4.27,3.68,,6.93,,6.58,22.46,,0.57,2.56,1.77,10.07,,16.63,0.29,,,,21.9,,,1.32,0.98,100.0
1025,3.38,3.71,,6.18,,10.79,32.57,,0.39,2.86,1.24,12.16,,9.49,0.2,,,,14.89,,,1.24,0.91,100.0
1026,5.33,7.79,,5.74,,7.38,15.57,,0.41,2.87,1.64,10.25,,6.56,0.82,,,,30.74,,,2.46,2.46,100.0
1027,4.4,3.92,,7.46,,9.67,30.53,,0.1,3.35,1.53,11.2,,8.52,0.38,,,,16.65,,,1.53,0.77,100.0
1028,3.99,3.56,,8.15,,5.79,27.15,,0.6,2.85,1.63,9.58,,15.4,0.37,,,,18.94,,,1.12,0.86,100.0
1029,2.9,5.39,,3.32,,12.45,29.05,,0.41,9.96,1.66,15.35,,7.47,0.0,,,,9.54,,,1.24,1.24,100.0
1030,4.09,3.33,,8.7,,6.6,28.43,,0.76,2.1,1.87,9.57,,8.99,0.99,,,,21.31,,,2.28,0.99,100.0
1031,2.47,1.92,,7.97,,14.01,29.12,,0.27,4.12,2.2,10.99,,6.04,1.65,,,,16.21,,,1.37,1.65,100.0
1032,2.34,3.93,,6.38,,6.27,23.8,,0.21,5.63,2.44,8.08,,19.98,0.96,,,,15.3,,,2.98,1.7,100.0
1033,3.26,2.24,,7.39,,10.38,29.17,,0.88,2.51,1.9,12.75,,11.94,0.27,,,,15.54,,,0.75,1.02,100.0
1034,3.97,3.17,,7.62,,7.37,25.48,,0.36,2.39,1.5,9.48,,14.29,0.39,,,,22.1,,,1.28,0.6,100.0
1035,3.17,4.76,,6.43,,10.79,29.43,,0.57,2.82,1.45,10.22,,10.62,0.35,,,,16.26,,,1.23,1.89,100.0
1036,4.31,1.91,,5.74,,10.53,34.45,,0.0,1.91,0.0,9.57,,5.26,0.48,,,,21.53,,,1.44,2.87,100.0
1037,4.08,2.86,,8.98,,5.71,36.33,,0.41,3.27,3.27,8.98,,9.8,1.63,,,,12.24,,,1.63,0.82,100.0
1038,3.8,4.18,,7.94,,7.92,27.09,,0.66,2.01,1.9,8.75,,13.03,0.17,,,,19.35,,,1.77,1.42,100.0
1039,2.72,2.85,,5.3,,9.78,30.84,,0.54,3.12,1.63,13.32,,11.96,0.95,,,,14.95,,,0.95,1.09,100.0
1040,3.02,4.03,,4.32,,6.91,24.03,,0.72,4.6,1.87,10.5,,18.56,0.0,,,,15.97,,,4.46,1.01,100.0
1041,3.05,4.07,,10.47,,9.16,27.76,,0.44,2.76,1.16,12.65,,6.69,0.15,,,,18.9,,,1.31,1.45,100.0
1042,5.45,5.6,,11.35,,4.99,28.74,,0.0,1.66,2.12,8.77,,5.45,0.3,,,,22.69,,,2.12,0.76,100.0
1043,3.05,2.25,,5.56,,10.07,31.52,,0.53,1.99,1.06,15.1,,11.39,0.0,,,,16.16,,,0.66,0.66,100.0
1044,2.67,5.18,,5.3,,5.77,21.86,,0.35,4.59,1.65,9.07,,19.07,0.39,,,,14.95,,,8.24,0.9,100.0
1045,4.41,3.3,,8.67,,7.32,27.3,,0.36,3.06,1.47,8.01,,13.8,0.48,,,,18.93,,,1.59,1.29,100.0
1046,5.12,2.87,,5.86,,6.86,31.25,,0.87,2.56,1.19,11.1,,12.73,0.31,,,,15.1,,,1.93,2.25,100.0
1047,3.81,2.99,,8.25,,7.82,26.92,,0.31,2.91,1.38,11.1,,10.71,0.79,,,,20.65,,,1.13,1.21,100.0
1048,5.75,3.62,,9.46,,7.27,26.86,,0.55,2.25,1.19,6.11,,11.26,2.65,,,,20.84,,,1.28,0.91,100.0
1049,3.92,2.19,,7.99,,11.76,33.86,,0.47,2.04,0.16,15.67,,7.21,0.78,,,,12.7,,,0.0,1.25,100.0
1050,3.72,3.01,,8.14,,7.79,31.33,,0.18,2.48,1.95,9.73,,9.56,0.35,,,,18.94,,,2.12,0.71,100.0
1051,5.0,4.4,,7.99,,6.7,22.65,,0.63,2.86,2.03,8.63,,15.76,0.37,,,,20.42,,,1.43,1.13,100.0
1052,4.65,0.0,,3.1,,14.73,22.48,,2.33,1.55,6.2,23.26,,10.08,0.0,,,,10.85,,,0.0,0.78,100.0
1053,5.07,4.64,,9.22,,6.54,27.45,,0.35,2.67,2.11,9.01,,11.89,0.63,,,,17.59,,,1.2,1.62,100.0
1054,5.08,1.69,,5.76,,9.83,24.75,,0.0,3.73,1.69,14.58,,9.83,4.41,,,,13.9,,,2.37,2.37,100.0
1055,2.77,7.01,,5.9,,7.56,18.63,,0.65,3.32,1.75,8.86,,18.17,0.55,,,,18.54,,,4.89,1.38,100.0
1056,3.04,1.08,,7.38,,9.54,34.92,,0.22,3.04,3.04,12.58,,6.94,0.0,,,,15.84,,,2.17,0.22,100.0
1057,3.25,1.48,,9.17,,13.02,30.18,,0.3,3.25,1.18,12.72,,4.44,0.0,,,,17.46,,,0.59,2.96,100.0
1058,4.4,3.48,,8.04,,9.0,27.68,,0.37,2.11,1.47,10.83,,10.21,0.43,,,,19.69,,,1.24,1.08,100.0
1059,3.52,3.67,,7.56,,9.3,28.62,,0.48,2.23,1.32,11.67,,11.63,0.28,,,,17.59,,,1.24,0.9,100.0
1060,4.37,7.14,,5.86,,7.56,24.28,,0.11,1.6,1.6,10.97,,7.14,0.43,,,,23.75,,,3.3,1.92,100.0
1061,5.28,12.53,,10.29,,2.24,19.13,,1.06,1.98,2.11,7.92,,8.97,5.01,,,,20.05,,,2.64,0.79,100.0
1062,4.56,2.98,,7.79,,7.79,26.92,,0.57,2.47,1.01,9.31,,15.39,0.57,,,,17.99,,,1.39,1.27,100.0
1063,3.84,3.75,,6.56,,7.4,26.28,,0.56,2.64,1.21,9.81,,16.07,0.36,,,,19.63,,,1.21,0.67,100.0
1064,6.52,5.81,,12.13,,6.52,20.9,,0.31,2.75,1.43,6.73,,12.23,1.22,,,,20.8,,,1.53,1.12,100.0
1065,3.99,3.13,,7.98,,11.87,28.21,,0.85,3.13,0.76,10.54,,12.73,0.19,,,,14.34,,,0.95,1.33,100.0
1066,3.05,2.89,,6.63,,10.75,31.29,,0.56,3.47,1.63,12.59,,8.02,0.45,,,,16.53,,,1.16,0.99,100.0
1067,3.06,2.55,,3.57,,10.2,30.61,,0.0,6.12,1.53,18.37,,4.59,0.0,,,,15.31,,,1.53,2.55,100.0
1068,5.73,3.83,,10.03,,8.77,26.29,,0.11,2.01,1.4,8.8,,9.56,0.7,,,,20.76,,,1.03,0.98,100.0
1069,3.03,3.81,,3.7,,13.0,33.86,,0.34,2.47,1.01,14.24,,6.17,0.56,,,,16.82,,,0.45,0.56,100.0
1070,4.24,1.86,,6.54,,13.08,33.82,,0.11,2.12,1.34,14.98,,6.43,0.89,,,,13.01,,,0.78,0.82,100.0
1071,3.78,2.48,,10.4,,10.28,31.21,,0.0,1.65,1.18,11.47,,9.93,0.47,,,,14.78,,,1.06,1.3,100.0
1072,2.36,1.99,,4.17,,8.33,22.64,,0.18,1.27,1.63,8.15,,5.25,26.99,,,,15.58,,,0.91,0.54,100.0
1073,3.81,1.9,,19.05,,8.57,32.38,,0.0,0.95,0.0,12.38,,2.86,1.9,,,,15.24,,,0.95,0.0,100.0
1074,3.74,3.3,,11.01,,8.15,36.12,,0.66,3.3,0.66,11.45,,4.19,0.22,,,,14.1,,,2.42,0.66,100.0
1075,2.94,2.35,,7.06,,5.29,35.88,,0.0,5.29,1.18,16.47,,6.47,1.76,,,,12.94,,,1.18,1.18,100.0
1076,3.43,4.49,,5.41,,7.52,26.39,,0.4,5.67,2.11,10.69,,15.83,0.26,,,,12.14,,,4.35,1.32,100.0
1077,5.6,5.89,,10.43,,5.41,23.29,,0.68,2.71,1.74,7.54,,7.34,0.77,,,,23.38,,,3.38,1.84,100.0
1078,5.28,4.78,,10.82,,7.2,24.1,,0.45,2.0,1.37,7.82,,10.79,0.72,,,,21.65,,,1.83,1.18,100.0
1079,0.0,4.6,,2.3,,12.64,21.84,,0.0,5.75,3.45,12.64,,6.9,0.0,,,,27.59,,,1.15,1.15,100.0
1080,3.91,3.68,,7.13,,10.34,29.66,,0.23,2.99,0.69,15.63,,11.72,0.23,,,,9.89,,,3.22,0.69,100.0
1081,4.18,6.74,,4.31,,5.26,21.97,,0.4,2.83,2.56,7.41,,21.29,0.67,,,,15.36,,,5.66,1.35,100.0
1082,3.79,3.73,,6.87,,7.85,23.87,,0.57,2.27,1.24,8.66,,13.78,3.78,,,,21.6,,,1.21,0.78,100.0
1083,9.5,5.03,,6.15,,10.61,37.43,,0.0,3.35,0.56,12.29,,6.15,0.0,,,,7.26,,,0.0,1.68,100.0
1084,2.56,0.85,,5.98,,7.69,19.66,,0.0,6.84,3.42,9.4,,8.55,0.0,,,,33.33,,,0.85,0.85,100.0
1085,6.51,5.92,,8.88,,8.28,18.93,,0.59,1.78,10.65,4.73,,11.24,0.59,,,,21.3,,,0.0,0.59,100.0
1086,4.32,3.47,,7.81,,8.52,25.88,,0.49,2.88,1.75,10.38,,11.4,0.53,,,,19.74,,,1.69,1.13,100.0
1087,6.85,0.0,,13.7,,6.85,45.21,,0.0,1.37,0.0,2.74,,0.0,2.74,,,,20.55,,,0.0,0.0,100.0
1088,3.69,3.12,,5.39,,8.79,29.22,,0.43,2.13,2.27,15.04,,8.51,0.43,,,,17.3,,,1.56,2.13,100.0
1089,2.18,3.17,,13.33,,7.92,24.88,,0.59,3.76,3.1,12.34,,10.69,0.86,,,,14.65,,,1.12,1.39,100.0
1090,4.34,6.59,,8.38,,5.19,21.23,,0.52,2.42,1.43,7.9,,15.14,0.91,,,,23.57,,,1.43,0.96,100.0
1091,1.37,4.79,,6.85,,4.11,16.44,,0.0,26.71,0.68,12.33,,7.53,0.0,,,,17.81,,,0.68,0.68,100.0
1092,3.74,5.92,,6.54,,7.79,21.81,,0.0,1.56,3.43,7.79,,9.66,0.0,,,,29.6,,,0.93,1.25,100.0
1093,3.4,6.36,,7.02,,6.27,21.64,,0.31,4.99,2.47,7.82,,15.46,0.71,,,,18.02,,,4.2,1.33,100.0
1094,4.13,2.24,,5.74,,8.47,35.76,,0.77,2.59,1.4,13.65,,8.82,0.49,,,,14.0,,,0.84,1.12,100.0
1095,1.49,3.96,,9.41,,9.9,24.26,,0.99,3.47,2.97,8.91,,7.92,0.0,,,,24.26,,,1.98,0.5,100.0
1096,3.74,2.8,,7.48,,11.92,31.78,,0.7,2.1,1.4,11.21,,7.94,0.47,,,,16.12,,,1.87,0.47,100.0
1097,5.55,4.7,,6.83,,6.99,26.92,,0.48,2.61,1.49,9.53,,10.35,0.4,,,,21.93,,,1.17,1.04,100.0
1098,3.1,3.51,,6.22,,10.98,30.71,,0.74,2.82,1.6,13.11,,9.25,0.46,,,,16.07,,,0.9,0.53,100.0
1099,4.38,4.34,,6.85,,7.2,26.43,,0.31,2.07,1.42,8.68,,13.33,0.35,,,,21.81,,,1.64,1.2,100.0
1100,1.9,9.52,,6.67,,6.67,17.14,,0.0,4.76,3.81,3.81,,21.9,0.95,,,,12.38,,,4.76,5.71,100.0
1101,3.29,3.03,,6.45,,9.74,29.4,,0.7,2.94,1.54,13.38,,12.02,0.44,,,,15.84,,,0.92,0.31,100.0
1102,3.17,2.65,,4.34,,0.0,54.39,,0.32,2.86,1.06,0.0,,11.32,0.0,,,,18.52,,,0.95,0.42,100.0
1103,3.09,4.63,,12.36,,7.34,28.57,,0.0,1.16,0.77,14.67,,6.95,0.0,,,,15.83,,,1.93,2.7,100.0
1104,4.46,2.85,,10.82,,7.75,32.53,,0.37,2.41,1.17,9.06,,9.72,0.29,,,,16.01,,,1.32,1.24,100.0
1105,3.66,2.87,,9.14,,7.57,26.89,,0.52,5.22,1.57,15.67,,8.09,0.26,,,,15.67,,,1.57,1.31,100.0
1106,4.63,2.61,,5.89,,8.4,32.63,,0.58,3.67,0.87,12.36,,10.62,0.68,,,,14.38,,,0.97,1.74,100.0
1107,2.64,1.54,,6.45,,9.23,33.92,,0.44,1.98,2.12,15.31,,9.67,0.15,,,,15.09,,,0.88,0.59,100.0
1108,2.11,0.0,,4.23,,11.97,38.03,,0.0,1.41,1.41,20.42,,6.34,0.0,,,,11.27,,,0.0,2.82,100.0
1109,1.8,4.02,,5.4,,8.73,34.35,,0.42,1.94,0.83,15.51,,12.6,0.14,,,,12.74,,,1.11,0.42,100.0
1110,3.92,4.4,,8.18,,7.9,29.48,,0.62,3.16,1.99,11.0,,10.52,0.76,,,,14.91,,,1.44,1.72,100.0
1111,4.88,4.18,,6.62,,11.85,29.97,,0.35,2.44,1.39,13.24,,7.32,1.05,,,,14.98,,,0.7,1.05,100.0
1112,5.4,3.72,,7.51,,7.18,24.53,,0.5,2.16,1.58,9.17,,11.21,0.56,,,,23.45,,,1.64,1.39,100.0
1113,3.56,3.96,,6.53,,5.94,30.69,,0.0,3.56,1.19,15.84,,9.9,0.2,,,,16.24,,,0.99,1.39,100.0
1114,3.58,7.16,,9.55,,5.07,20.0,,0.6,2.39,0.3,9.55,,14.03,0.0,,,,20.0,,,5.97,1.79,100.0
1115,3.57,3.38,,15.54,,7.29,25.73,,0.29,3.01,1.82,10.53,,9.86,0.41,,,,14.83,,,2.23,1.5,100.0
1116,4.65,3.53,,7.85,,7.71,28.72,,0.74,3.21,1.86,8.04,,13.43,0.56,,,,17.8,,,0.98,0.93,100.0
1117,1.42,3.4,,4.25,,9.35,29.18,,0.28,2.27,3.68,12.75,,15.58,2.27,,,,10.76,,,3.97,0.85,100.0
1118,2.0,4.0,,3.0,,16.0,34.0,,1.0,2.0,0.0,17.0,,5.0,1.0,,,,13.0,,,2.0,0.0,100.0
1119,4.46,3.57,,5.7,,10.87,32.26,,0.36,2.5,1.43,13.01,,6.42,0.18,,,,16.76,,,1.43,1.07,100.0
1120,4.09,4.45,,7.38,,5.69,21.8,,0.68,2.63,1.59,7.72,,15.46,0.33,,,,25.78,,,1.54,0.85,100.0
1121,0.0,0.0,,0.0,,0.0,25.0,,0.0,10.71,10.71,42.86,,10.71,0.0,,,,0.0,,,0.0,0.0,100.0
1122,2.71,2.71,,3.39,,7.12,26.44,,0.0,4.07,3.05,14.24,,9.15,1.02,,,,24.41,,,1.36,0.34,100.0
1123,4.88,2.44,,8.78,,10.73,29.27,,0.0,3.41,0.98,7.32,,12.2,1.46,,,,16.59,,,1.46,0.49,100.0
1124,2.56,3.08,,5.13,,10.26,27.18,,0.0,2.05,3.08,14.87,,6.67,0.51,,,,18.46,,,3.08,3.08,100.0
1125,5.01,5.06,,10.08,,6.2,21.34,,0.4,1.87,1.62,7.23,,9.69,0.46,,,,28.1,,,2.13,0.82,100.0
1126,3.96,4.07,,7.14,,7.69,27.36,,0.44,3.41,1.87,7.58,,15.71,0.22,,,,18.79,,,1.1,0.66,100.0
1127,3.11,2.8,,6.76,,8.8,28.96,,0.51,2.33,1.25,9.78,,15.91,0.45,,,,17.26,,,1.23,0.85,100.0
1128,4.57,3.27,,8.55,,7.88,26.87,,0.38,2.39,1.68,11.11,,10.65,0.54,,,,19.78,,,1.26,1.09,100.0
1129,3.94,3.64,,7.27,,7.88,25.76,,0.45,2.42,2.12,8.94,,16.67,0.45,,,,15.76,,,3.79,0.91,100.0
1130,3.42,2.99,,6.65,,8.28,31.39,,0.67,2.32,1.11,10.6,,12.72,0.29,,,,17.54,,,1.2,0.83,100.0
1131,1.19,0.0,,5.95,,3.57,28.57,,0.0,8.33,8.33,22.62,,11.9,1.19,,,,7.14,,,0.0,1.19,100.0
1132,2.36,2.58,,7.08,,9.55,34.38,,0.56,2.47,2.25,10.45,,7.64,0.56,,,,17.75,,,1.57,0.79,100.0
1133,4.59,0.0,,3.67,,5.5,31.65,,0.46,1.83,0.0,13.3,,11.01,0.92,,,,25.23,,,1.38,0.46,100.0
1134,1.49,2.72,,5.71,,10.73,27.99,,0.27,2.04,1.49,26.77,,6.52,0.41,,,,13.45,,,0.27,0.14,100.0
1135,3.54,2.72,,4.84,,8.5,29.04,,0.94,3.42,1.89,8.85,,13.34,0.47,,,,19.24,,,1.53,1.65,100.0
1136,2.92,1.95,,10.89,,11.67,36.38,,0.19,1.36,0.58,10.31,,8.75,1.17,,,,12.45,,,0.78,0.58,100.0
1137,6.23,4.59,,7.21,,6.07,27.87,,0.33,2.13,2.3,10.33,,9.02,0.0,,,,21.8,,,1.31,0.82,100.0
1139,4.61,6.82,,6.15,,6.79,23.24,,0.33,2.44,1.54,11.53,,8.79,0.5,,,,23.57,,,2.24,1.44,100.0
1140,4.78,3.31,,6.25,,13.6,24.26,,0.37,3.31,2.57,10.29,,9.19,0.0,,,,19.49,,,0.37,2.21,100.0
1141,2.63,3.76,,5.64,,12.03,32.33,,0.38,3.38,3.38,14.66,,7.14,0.0,,,,12.78,,,1.13,0.75,100.0
1142,3.01,3.17,,7.51,,10.68,33.56,,1.67,2.34,1.34,12.69,,7.51,0.0,,,,14.19,,,1.34,1.0,100.0
1143,4.93,4.04,,8.52,,8.97,24.22,,0.45,1.35,0.0,9.42,,9.42,2.24,,,,23.77,,,1.35,1.35,100.0
1144,5.52,3.82,,10.62,,8.36,22.95,,0.14,2.12,2.69,8.22,,8.78,1.27,,,,23.37,,,0.71,1.42,100.0
1145,0.0,6.06,,3.03,,6.06,18.18,,0.0,0.0,3.03,9.09,,3.03,0.0,,,,30.3,,,21.21,0.0,100.0
1146,4.12,3.12,,6.29,,9.29,28.88,,0.5,2.62,1.95,13.97,,10.41,0.39,,,,16.92,,,0.95,0.61,100.0
1147,1.69,2.37,,5.76,,6.1,24.07,,1.36,16.27,4.07,11.19,,12.2,0.0,,,,11.53,,,2.71,0.68,100.0
1148,3.69,4.18,,6.46,,6.99,30.89,,0.49,3.93,1.51,12.34,,8.26,0.39,,,,18.5,,,1.55,0.83,100.0
1149,0.54,5.41,,3.78,,6.49,26.22,,0.54,6.22,3.78,11.89,,18.38,0.0,,,,11.35,,,4.32,1.08,100.0
1150,4.01,2.96,,5.75,,9.76,36.93,,0.17,4.01,2.26,10.63,,9.41,0.0,,,,11.67,,,0.7,1.74,100.0
1152,2.43,3.78,,4.59,,7.3,21.89,,0.54,2.97,3.51,17.57,,6.49,10.0,,,,12.97,,,1.89,4.05,100.0
1153,4.23,3.76,,9.86,,8.92,23.0,,0.47,0.47,1.41,14.08,,9.86,0.0,,,,22.54,,,0.94,0.47,100.0
1154,3.22,2.25,,6.11,,8.36,27.01,,0.0,4.18,2.89,7.4,,17.68,0.32,,,,13.83,,,6.43,0.32,100.0
1155,1.23,2.45,,2.45,,12.27,41.72,,0.0,1.23,1.23,15.95,,12.27,0.61,,,,7.98,,,0.0,0.61,100.0
1156,4.92,4.06,,9.62,,7.25,24.77,,0.45,2.38,1.39,8.33,,11.77,0.49,,,,22.44,,,1.13,1.0,100.0
1157,0.0,0.0,,10.34,,24.14,24.14,,0.0,6.9,0.0,13.79,,13.79,0.0,,,,3.45,,,0.0,3.45,100.0
1158,7.07,2.44,,8.78,,8.54,23.17,,0.49,3.9,2.2,11.71,,8.78,0.0,,,,20.98,,,0.98,0.98,100.0
1159,2.67,3.08,,6.16,,8.83,29.36,,0.0,3.7,0.82,9.86,,13.14,0.0,,,,20.12,,,1.03,1.23,100.0
1160,4.35,4.88,,6.4,,8.05,26.09,,0.47,2.7,1.94,7.87,,9.93,0.47,,,,24.56,,,1.82,0.47,100.0
1161,4.65,2.78,,7.27,,6.73,25.72,,0.25,2.53,1.62,10.64,,12.42,0.71,,,,21.56,,,2.49,0.62,100.0
1162,3.32,3.57,,5.36,,8.67,23.47,,0.26,3.06,4.08,12.5,,10.97,1.02,,,,18.88,,,1.79,3.06,100.0
1163,4.56,1.68,,9.83,,7.19,31.18,,0.24,3.6,1.44,12.71,,8.63,0.24,,,,15.83,,,1.2,1.68,100.0
1164,3.28,5.3,,5.95,,6.82,23.62,,0.48,2.45,1.58,9.33,,16.96,0.27,,,,21.39,,,1.64,0.94,100.0
1165,1.85,3.7,,3.7,,20.37,22.22,,0.0,0.0,0.0,18.52,,3.7,0.0,,,,20.37,,,3.7,1.85,100.0
1166,3.8,3.61,,6.87,,8.34,28.33,,0.61,2.52,1.18,10.95,,12.42,0.51,,,,18.68,,,1.15,1.02,100.0
1167,3.76,3.76,,3.76,,9.77,33.83,,0.75,0.75,1.5,9.02,,8.27,0.75,,,,22.56,,,0.75,0.75,100.0
1168,3.23,3.6,,5.64,,8.98,25.03,,0.74,2.7,1.51,10.65,,16.05,0.4,,,,19.41,,,1.24,0.82,100.0
1169,2.91,3.64,,5.45,,5.09,28.0,,0.0,4.0,1.09,10.55,,17.09,0.36,,,,16.0,,,4.0,1.82,100.0
1170,3.34,3.47,,7.32,,8.86,28.5,,0.13,2.95,1.8,10.53,,11.68,1.03,,,,18.74,,,0.26,1.41,100.0
1171,3.17,3.37,,6.97,,7.94,24.62,,0.59,2.43,1.56,9.81,,16.83,0.32,,,,19.66,,,1.65,1.08,100.0
1172,3.59,5.9,,7.95,,6.15,28.21,,0.26,2.31,1.03,13.33,,7.18,0.0,,,,20.0,,,2.05,2.05,100.0
1173,3.85,1.92,,8.33,,9.94,29.65,,0.48,1.44,1.44,12.18,,10.1,0.64,,,,16.99,,,2.08,0.96,100.0
1174,3.16,2.96,,7.1,,9.66,34.12,,0.99,1.58,1.38,16.17,,9.07,0.39,,,,11.05,,,1.97,0.39,100.0
1175,3.47,4.21,,7.89,,7.55,37.46,,0.14,3.26,1.09,10.06,,7.95,0.75,,,,13.12,,,1.63,1.43,100.0
1176,4.56,3.21,,6.08,,10.3,32.77,,0.0,3.55,1.69,15.2,,10.14,0.51,,,,10.47,,,0.51,1.01,100.0
1177,1.95,1.71,,10.98,,8.05,30.49,,0.49,2.44,1.22,10.98,,9.27,0.49,,,,19.27,,,0.98,1.71,100.0
1178,2.55,1.88,,8.09,,10.31,40.8,,0.22,1.22,0.89,4.77,,6.98,6.87,,,,14.52,,,0.33,0.55,100.0
1179,4.05,4.5,,7.66,,4.95,35.14,,0.0,1.35,5.86,7.21,,3.15,1.8,,,,21.62,,,1.35,1.35,100.0
1180,4.67,4.36,,10.44,,7.48,29.91,,0.31,2.18,1.25,8.72,,9.35,0.78,,,,17.91,,,0.93,1.71,100.0
1181,3.67,3.2,,7.86,,7.34,26.31,,0.42,2.1,1.47,10.95,,11.06,0.37,,,,22.96,,,1.31,1.0,100.0
1183,5.49,5.14,,14.69,,8.08,26.13,,0.3,2.38,1.34,6.0,,6.74,0.91,,,,21.34,,,0.69,0.78,100.0
1184,5.37,5.15,,8.7,,6.82,25.74,,0.51,2.9,2.1,9.5,,8.99,0.29,,,,19.58,,,2.68,1.67,100.0
1185,3.61,2.01,,6.02,,10.44,34.54,,1.2,0.0,0.8,10.84,,13.25,0.0,,,,16.06,,,0.4,0.8,100.0
1186,4.33,2.53,,5.42,,7.22,25.63,,0.72,3.61,0.72,13.36,,11.19,0.36,,,,17.33,,,7.58,0.0,100.0
1187,4.31,2.95,,5.67,,10.66,29.71,,0.91,2.49,1.13,13.15,,7.03,0.0,,,,20.18,,,0.68,1.13,100.0
1188,5.88,3.46,,11.76,,8.3,29.76,,0.69,2.42,1.04,8.65,,7.61,2.08,,,,14.19,,,1.04,3.11,100.0
1189,4.01,4.06,,7.72,,7.87,25.68,,0.48,3.37,1.95,8.37,,12.55,0.54,,,,20.81,,,1.18,1.4,100.0
1190,4.41,4.94,,9.57,,6.0,23.1,,0.08,3.34,2.13,11.7,,8.74,0.3,,,,21.35,,,3.19,1.14,100.0
1191,4.86,4.88,,9.99,,6.86,21.83,,0.48,2.53,1.4,7.86,,12.34,0.69,,,,22.61,,,2.34,1.33,100.0
1192,4.88,4.92,,17.31,,6.0,26.08,,0.31,1.48,1.36,4.84,,5.67,0.8,,,,24.58,,,0.99,0.78,100.0
1193,4.75,3.62,,9.21,,8.32,24.76,,0.2,2.08,1.44,9.51,,12.48,0.64,,,,20.8,,,1.14,1.04,100.0
1194,3.99,4.48,,7.7,,7.13,22.34,,0.45,2.79,1.54,9.23,,15.58,0.27,,,,22.34,,,1.1,1.07,100.0
1195,3.06,2.88,,7.72,,10.04,29.88,,0.61,3.0,1.53,12.12,,12.31,0.49,,,,14.76,,,0.86,0.73,100.0
1196,5.07,5.36,,10.29,,4.93,27.83,,0.58,1.59,1.88,8.26,,6.52,0.14,,,,24.78,,,2.32,0.43,100.0
1197,3.9,2.96,,7.77,,10.42,32.21,,0.56,1.99,1.21,11.16,,10.84,0.38,,,,14.97,,,0.91,0.72,100.0
1198,4.03,5.1,,8.28,,4.67,21.02,,1.27,1.49,0.42,8.07,,10.62,0.42,,,,30.57,,,3.61,0.42,100.0
1199,3.16,5.19,,4.63,,9.82,29.24,,0.21,3.93,1.12,15.15,,10.03,0.49,,,,15.22,,,0.84,0.98,100.0
1200,4.33,6.97,,6.59,,8.66,21.85,,0.19,4.52,0.56,10.17,,12.05,0.56,,,,21.28,,,1.51,0.75,100.0
1201,5.71,3.93,,8.93,,8.57,37.5,,0.36,1.79,1.07,10.36,,6.07,0.36,,,,12.86,,,2.14,0.36,100.0
1202,6.02,32.33,,9.02,,13.53,15.79,,6.02,0.0,0.75,0.75,,7.52,7.52,,,,0.0,,,0.75,0.0,100.0
1203,2.7,2.27,,9.08,,11.89,34.27,,0.43,1.19,0.86,10.92,,6.92,1.51,,,,16.32,,,1.08,0.54,100.0
1204,3.85,11.54,,10.26,,1.28,19.23,,1.28,2.56,2.56,10.26,,3.85,0.0,,,,33.33,,,0.0,0.0,100.0
1205,7.75,7.43,,5.65,,4.36,17.45,,0.48,2.91,3.55,8.56,,12.12,1.29,,,,23.91,,,3.07,1.45,100.0
1206,2.54,4.24,,3.95,,11.86,28.53,,0.56,2.82,1.13,16.67,,7.63,0.28,,,,18.93,,,0.56,0.28,100.0
1207,2.69,3.23,,6.45,,12.9,26.88,,0.0,5.38,2.15,15.05,,9.68,0.0,,,,15.05,,,0.0,0.54,100.0
1208,3.39,6.78,,7.91,,9.04,29.38,,1.69,2.82,1.13,11.86,,5.65,0.0,,,,16.95,,,2.82,0.56,100.0
1209,6.79,7.41,,2.47,,8.64,26.54,,0.0,1.23,1.23,14.81,,5.56,0.62,,,,24.07,,,0.62,0.0,100.0
1210,2.3,4.79,,4.79,,9.58,26.82,,0.77,0.96,2.11,13.6,,9.39,0.38,,,,22.03,,,1.15,1.34,100.0
1211,5.75,2.77,,8.08,,7.96,29.54,,0.44,3.1,1.99,9.18,,12.39,0.66,,,,15.49,,,1.77,0.88,100.0
1212,0.0,7.69,,3.85,,3.85,50.0,,0.0,0.0,0.0,15.38,,11.54,0.0,,,,7.69,,,0.0,0.0,100.0
1213,3.32,2.87,,9.52,,8.31,28.4,,0.15,1.51,1.66,10.12,,9.82,0.91,,,,19.49,,,1.66,2.27,100.0
1214,4.36,4.05,,7.52,,7.49,24.81,,0.54,2.52,1.6,8.52,,14.47,0.55,,,,20.73,,,1.64,1.21,100.0
1215,4.19,3.22,,9.13,,8.63,28.85,,0.42,3.22,1.17,11.64,,10.76,0.54,,,,15.91,,,1.34,0.96,100.0
1216,3.37,2.04,,6.74,,10.46,33.87,,0.62,3.9,0.89,12.68,,7.98,0.44,,,,15.51,,,1.06,0.44,100.0
1217,3.59,3.49,,8.92,,9.38,28.37,,0.42,2.56,1.33,10.48,,9.41,0.67,,,,19.28,,,1.16,0.93,100.0
1218,4.16,5.85,,7.8,,7.93,25.62,,0.26,3.25,1.56,11.31,,10.79,0.26,,,,19.12,,,0.78,1.3,100.0
1219,4.28,3.75,,9.06,,6.61,22.9,,0.39,2.63,1.48,8.37,,14.09,0.41,,,,23.89,,,1.27,0.87,100.0
1220,3.33,1.85,,10.54,,10.04,28.65,,0.37,2.4,1.6,9.67,,12.32,0.37,,,,15.83,,,1.73,1.29,100.0
1221,4.01,3.49,,4.65,,10.34,32.82,,0.13,2.2,1.42,16.93,,9.17,0.52,,,,12.4,,,1.16,0.78,100.0
1222,4.6,4.89,,8.81,,6.7,27.78,,0.57,2.39,2.2,9.2,,9.39,0.57,,,,20.02,,,1.34,1.53,100.0
1223,3.24,2.78,,7.64,,9.19,30.35,,0.39,2.55,1.62,9.73,,9.5,0.31,,,,20.08,,,1.78,0.85,100.0
1224,1.57,0.79,,2.36,,14.96,50.39,,0.0,4.72,0.79,14.17,,1.57,0.0,,,,7.09,,,1.57,0.0,100.0
1225,2.85,2.28,,5.59,,9.93,34.82,,0.8,3.54,1.14,10.84,,10.16,1.83,,,,13.93,,,1.37,0.91,100.0
1226,5.22,13.04,,4.35,,6.09,25.22,,0.87,3.48,1.74,6.96,,7.83,0.87,,,,19.13,,,3.48,1.74,100.0
1227,2.42,2.17,,6.28,,8.94,28.74,,0.0,1.93,1.93,22.71,,7.0,0.24,,,,14.73,,,2.9,0.0,100.0
1228,4.76,3.8,,11.96,,8.48,25.76,,0.35,2.87,1.45,6.56,,12.38,0.39,,,,18.77,,,1.38,1.06,100.0
1229,4.1,5.53,,6.87,,7.05,24.35,,0.54,3.66,3.93,8.03,,14.63,0.71,,,,15.88,,,3.12,1.61,100.0
1230,5.94,4.62,,4.95,,4.62,22.44,,0.66,3.96,4.29,7.26,,12.21,0.66,,,,24.09,,,1.32,2.97,100.0
1231,3.8,3.23,,6.45,,10.14,30.53,,0.69,4.26,1.5,12.67,,7.95,0.81,,,,15.78,,,1.5,0.69,100.0
1232,3.14,4.53,,7.67,,6.62,32.75,,0.7,2.79,1.05,9.06,,15.33,0.35,,,,12.54,,,2.79,0.7,100.0
1233,3.49,3.88,,9.69,,5.04,24.03,,0.0,3.1,1.94,10.08,,14.73,0.78,,,,22.48,,,0.78,0.0,100.0
1234,3.33,6.67,,0.0,,23.33,16.67,,0.0,3.33,0.0,16.67,,10.0,0.0,,,,20.0,,,0.0,0.0,100.0
1235,4.06,3.52,,5.41,,7.31,25.98,,1.08,4.33,1.22,8.66,,11.77,0.81,,,,23.41,,,1.35,1.08,100.0
1236,3.85,3.44,,6.69,,8.78,28.46,,0.78,2.39,1.34,11.28,,11.17,0.49,,,,19.95,,,0.67,0.71,100.0
1237,3.97,2.57,,9.3,,8.33,30.41,,0.24,2.91,1.69,12.06,,9.69,0.29,,,,16.03,,,1.6,0.92,100.0
1238,5.98,3.8,,2.17,,14.67,26.63,,0.0,2.72,1.63,14.13,,7.07,0.0,,,,18.48,,,2.17,0.54,100.0
1239,2.12,5.08,,5.93,,8.05,25.0,,0.0,5.93,0.85,11.44,,17.8,0.0,,,,12.71,,,4.66,0.42,100.0
1240,4.06,3.2,,7.22,,9.23,31.65,,0.56,2.39,1.37,10.98,,10.94,0.13,,,,16.23,,,1.11,0.94,100.0
1241,3.77,3.02,,9.36,,7.65,29.53,,0.3,3.17,1.86,10.46,,10.76,0.6,,,,17.15,,,1.36,1.01,100.0
1242,4.58,6.8,,6.24,,4.85,22.47,,0.55,3.05,3.33,11.65,,9.99,0.42,,,,20.53,,,2.64,2.91,100.0
1243,4.72,4.0,,7.77,,7.47,28.55,,0.24,3.35,1.31,8.72,,13.38,0.24,,,,18.22,,,0.84,1.19,100.0
1244,4.9,3.09,,9.02,,7.9,28.52,,0.52,2.84,0.95,13.66,,7.99,0.52,,,,17.53,,,1.55,1.03,100.0
1245,4.32,5.62,,5.83,,4.32,18.14,,0.43,3.02,2.81,11.02,,19.65,0.22,,,,14.9,,,6.91,2.81,100.0
1246,3.81,2.97,,7.94,,10.39,28.47,,0.32,2.19,1.48,11.75,,10.52,0.52,,,,15.82,,,2.0,1.81,100.0
1247,3.33,4.28,,6.65,,7.13,36.82,,0.24,3.56,2.38,13.78,,7.84,0.48,,,,11.4,,,1.66,0.48,100.0
1248,4.29,3.58,,7.54,,7.34,28.19,,0.65,3.39,2.02,10.14,,12.16,0.47,,,,17.95,,,1.27,1.02,100.0
1249,4.57,4.05,,9.06,,6.2,24.82,,0.36,1.93,1.54,8.24,,12.33,0.48,,,,24.15,,,1.31,0.95,100.0
1250,3.33,4.23,,10.37,,7.17,27.91,,0.77,2.05,1.54,10.12,,10.37,1.28,,,,18.69,,,0.9,1.28,100.0
1251,1.43,4.29,,5.71,,15.71,32.86,,0.0,3.57,2.86,14.29,,10.0,0.0,,,,7.86,,,0.0,1.43,100.0
1252,3.29,5.24,,7.43,,8.83,24.3,,0.85,2.68,1.77,9.68,,11.51,0.67,,,,20.95,,,1.1,1.71,100.0
1253,3.97,3.97,,7.19,,7.3,26.61,,0.54,3.65,3.76,10.62,,9.55,0.64,,,,19.64,,,1.39,1.18,100.0
1254,4.75,4.69,,9.01,,6.88,26.86,,0.44,2.51,2.29,10.26,,10.21,0.82,,,,18.23,,,1.58,1.47,100.0
1255,3.1,7.02,,6.35,,6.54,22.15,,0.72,3.91,1.62,8.97,,20.14,1.19,,,,12.74,,,4.3,1.24,100.0
1256,2.75,3.76,,6.24,,8.54,21.97,,0.67,3.09,2.08,10.51,,18.99,0.45,,,,16.52,,,3.31,1.12,100.0
1257,3.91,3.2,,6.84,,9.02,26.79,,0.67,2.27,1.5,10.85,,13.54,0.38,,,,18.78,,,1.46,0.81,100.0
1258,3.15,0.79,,12.6,,6.3,48.03,,0.0,4.72,0.0,10.24,,2.36,0.79,,,,10.24,,,0.79,0.0,100.0
1259,3.06,1.09,,13.1,,7.42,42.14,,0.0,1.75,1.75,11.14,,5.02,0.87,,,,10.7,,,0.87,1.09,100.0
1260,3.91,2.37,,6.15,,10.95,33.82,,0.45,2.69,2.56,11.6,,11.21,0.45,,,,12.36,,,0.77,0.7,100.0
1261,2.68,3.36,,7.16,,9.17,32.21,,0.22,1.34,0.67,12.3,,6.71,0.45,,,,21.48,,,2.01,0.22,100.0
1262,3.95,4.21,,7.37,,8.16,31.18,,0.26,3.95,2.11,9.21,,9.08,0.13,,,,16.97,,,2.11,1.32,100.0
1263,4.69,2.11,,14.32,,5.63,40.38,,0.47,0.94,0.7,11.27,,3.99,1.88,,,,11.97,,,0.7,0.94,100.0
1264,4.4,4.0,,5.2,,11.6,28.4,,1.2,5.6,0.8,13.2,,7.6,0.4,,,,17.2,,,0.4,0.0,100.0
1265,3.86,3.79,,5.95,,6.67,22.79,,0.64,1.96,1.4,10.1,,16.29,0.29,,,,24.16,,,1.43,0.67,100.0
1266,2.98,4.91,,9.67,,6.7,26.04,,0.45,2.98,1.04,12.2,,9.38,0.45,,,,20.83,,,1.79,0.6,100.0
1267,2.29,2.75,,6.42,,8.26,40.37,,0.46,2.06,1.61,15.14,,7.57,0.0,,,,12.16,,,0.92,0.0,100.0
1268,2.21,4.41,,5.88,,4.41,25.0,,0.0,3.68,2.21,19.12,,14.71,0.74,,,,13.97,,,2.21,1.47,100.0
1269,3.94,3.34,,8.81,,7.45,30.53,,0.23,2.91,1.49,11.09,,9.47,0.23,,,,17.95,,,1.46,1.09,100.0
1270,2.46,3.34,,7.67,,10.01,25.97,,0.7,4.44,1.36,9.46,,15.63,0.29,,,,14.12,,,3.6,0.95,100.0
1271,4.85,4.55,,7.88,,8.48,28.48,,0.61,2.73,0.91,11.52,,8.79,0.0,,,,19.7,,,0.61,0.91,100.0
1272,5.44,6.41,,10.46,,5.64,20.81,,0.45,1.98,1.54,6.72,,12.02,0.56,,,,25.43,,,1.74,0.8,100.0
1273,2.88,2.01,,4.56,,9.38,30.16,,0.6,2.41,1.21,13.74,,12.94,0.74,,,,17.9,,,0.8,0.67,100.0
1274,4.53,1.94,,9.39,,6.47,32.04,,0.32,2.59,0.97,14.24,,6.8,0.32,,,,18.45,,,1.62,0.32,100.0
1275,5.03,10.71,,5.83,,6.48,18.56,,0.42,3.81,2.58,6.81,,8.13,0.28,,,,25.47,,,3.05,2.82,100.0
1276,4.69,3.56,,9.32,,8.94,24.52,,0.7,2.86,1.45,10.51,,13.85,0.38,,,,16.7,,,1.13,1.4,100.0
1278,2.48,1.65,,3.31,,13.22,35.54,,0.83,4.13,6.61,9.09,,7.44,0.0,,,,14.05,,,0.0,1.65,100.0
1279,5.13,3.85,,5.56,,4.27,29.49,,0.43,2.99,1.71,11.97,,4.27,0.0,,,,24.79,,,3.42,2.14,100.0
1280,5.0,4.29,,9.43,,6.3,23.37,,0.63,2.23,1.5,8.53,,13.3,0.51,,,,22.77,,,1.23,0.9,100.0
1281,2.27,2.27,,11.36,,9.09,35.23,,0.0,2.27,1.14,13.64,,10.23,0.0,,,,12.5,,,0.0,0.0,100.0
1282,0.96,4.81,,6.73,,7.69,31.73,,0.0,2.88,0.0,20.19,,6.73,2.88,,,,13.46,,,0.0,1.92,100.0
1283,2.24,5.76,,5.6,,6.72,23.84,,0.16,4.48,2.4,9.44,,18.72,0.8,,,,14.4,,,3.68,1.76,100.0
1284,4.03,4.03,,5.68,,8.48,28.53,,0.36,3.77,2.43,10.23,,13.39,0.21,,,,16.07,,,1.24,1.55,100.0
1285,4.85,3.88,,11.89,,8.5,25.73,,0.49,1.7,1.46,10.44,,15.29,0.0,,,,11.89,,,1.21,2.67,100.0
1286,4.63,4.09,,10.35,,6.54,22.34,,0.27,3.54,1.36,11.72,,8.17,0.82,,,,22.34,,,1.63,2.18,100.0
1287,3.22,2.95,,7.37,,9.72,32.71,,0.2,3.35,1.61,13.34,,7.64,0.6,,,,15.42,,,1.34,0.54,100.0
1288,0.0,0.0,,4.0,,4.0,36.0,,0.0,0.0,0.0,18.0,,12.0,0.0,,,,22.0,,,2.0,2.0,100.0
1289,2.77,3.27,,4.79,,6.3,33.0,,0.5,2.77,1.76,15.87,,11.59,0.76,,,,14.11,,,1.01,1.51,100.0
1290,4.45,3.89,,5.01,,9.32,35.88,,0.42,2.78,0.83,13.77,,8.21,0.7,,,,13.63,,,0.42,0.7,100.0
1291,3.94,5.67,,4.19,,5.91,21.18,,1.48,7.39,0.25,13.05,,17.73,0.25,,,,9.85,,,4.93,4.19,100.0
1292,3.59,4.85,,7.23,,6.74,23.86,,0.52,2.53,1.39,9.91,,15.7,0.43,,,,21.27,,,1.15,0.83,100.0
1293,2.83,2.87,,6.91,,8.71,28.36,,0.39,3.17,1.24,11.5,,12.23,3.09,,,,16.56,,,1.24,0.9,100.0
1294,3.57,5.94,,7.13,,9.06,30.01,,0.45,3.27,1.63,11.0,,11.14,0.89,,,,13.52,,,1.49,0.89,100.0
1295,3.01,2.19,,8.47,,9.56,30.05,,0.0,2.46,1.91,16.94,,8.47,0.0,,,,14.75,,,1.64,0.55,100.0
1296,2.26,5.26,,18.05,,6.77,29.32,,0.0,2.26,3.76,10.53,,8.27,1.5,,,,6.77,,,3.76,1.5,100.0
1298,4.33,1.97,,3.15,,44.49,12.99,,0.39,3.54,2.76,4.72,,4.72,0.0,,,,11.81,,,1.57,3.54,100.0
1299,4.57,2.87,,5.86,,10.35,30.77,,0.28,2.18,2.35,13.47,,10.31,0.4,,,,14.72,,,0.85,1.01,100.0
1300,3.16,1.67,,4.42,,10.69,39.24,,0.37,1.95,1.21,14.97,,6.23,0.33,,,,13.39,,,0.88,1.49,100.0
1301,3.45,2.59,,5.7,,8.98,32.12,,0.17,2.94,1.38,12.95,,9.84,0.69,,,,16.41,,,1.55,1.21,100.0
1302,5.64,3.72,,10.8,,7.55,25.0,,0.27,2.87,2.07,7.5,,10.43,0.59,,,,21.06,,,0.96,1.54,100.0
1303,4.22,5.09,,7.04,,8.11,24.73,,0.54,3.42,2.14,10.32,,15.08,0.2,,,,14.08,,,3.55,1.47,100.0
1304,3.16,3.36,,9.49,,9.49,27.08,,0.4,1.19,1.98,11.46,,9.49,0.0,,,,20.75,,,0.99,1.19,100.0
1305,2.49,3.28,,7.24,,7.92,23.98,,0.34,4.3,1.24,11.31,,19.91,0.23,,,,12.78,,,3.73,1.24,100.0
1306,4.52,6.45,,4.3,,6.45,16.77,,0.43,3.23,3.23,12.47,,10.54,0.43,,,,27.74,,,1.51,1.94,100.0
1307,3.35,3.35,,6.64,,6.81,26.58,,0.68,3.69,1.65,13.4,,9.77,0.62,,,,19.99,,,1.59,1.87,100.0
1308,4.51,5.2,,7.96,,5.79,26.36,,0.43,2.51,1.49,8.43,,11.8,0.51,,,,22.83,,,1.45,0.72,100.0
1309,4.77,3.7,,9.11,,7.9,26.04,,0.55,2.8,1.2,8.04,,13.65,0.57,,,,19.56,,,0.97,1.15,100.0
1310,4.47,3.5,,8.93,,7.18,26.99,,0.39,1.94,2.14,15.15,,11.46,0.39,,,,16.31,,,0.0,1.17,100.0
1311,2.5,2.0,,8.18,,7.35,34.22,,0.33,2.0,1.67,14.52,,6.68,1.0,,,,17.36,,,1.67,0.5,100.0
1312,6.27,5.1,,3.14,,11.37,22.35,,0.0,4.71,2.75,9.41,,4.31,0.39,,,,26.67,,,1.18,2.35,100.0
1313,1.79,2.24,,8.72,,7.83,33.33,,0.22,2.68,0.67,17.9,,7.61,0.45,,,,12.98,,,2.24,1.34,100.0
1314,3.68,3.08,,7.97,,8.28,27.23,,0.43,2.6,1.68,9.17,,13.79,0.35,,,,19.66,,,1.19,0.89,100.0
1315,3.33,3.3,,6.55,,8.77,26.78,,0.5,3.05,1.39,10.03,,15.42,0.28,,,,17.38,,,1.61,1.61,100.0
1316,3.18,3.18,,6.07,,7.78,27.52,,0.47,2.27,1.87,10.49,,15.73,0.23,,,,19.19,,,1.33,0.7,100.0
1317,3.66,3.84,,8.03,,8.55,23.21,,0.7,5.41,4.01,9.42,,7.68,0.0,,,,23.04,,,1.57,0.87,100.0
1318,4.95,4.25,,4.01,,11.79,32.55,,0.24,3.77,1.89,7.31,,6.84,0.71,,,,17.92,,,2.36,1.42,100.0
2002,4.41,2.75,,11.85,,6.34,42.42,,0.0,4.13,0.28,13.5,,4.68,0.0,,,,9.64,,,0.0,,100.0
2003,1.34,1.34,,4.7,,16.78,32.89,,0.0,1.34,0.0,14.09,,16.78,0.0,,,,10.74,,,0.0,,100.0
2004,4.88,3.17,,5.57,,9.16,28.0,,0.34,3.68,1.88,13.01,,7.79,0.6,,,,21.15,,,0.77,,100.0
2006,2.01,2.51,,4.77,,15.58,38.19,,0.5,1.26,1.26,19.1,,3.77,1.01,,,,10.05,,,0.0,,100.0
2007,3.16,2.01,,7.04,,12.07,35.78,,0.29,4.02,2.3,13.36,,6.61,0.43,,,,11.78,,,1.15,,100.0
2008,1.85,3.7,,7.41,,7.41,46.3,,3.7,1.85,0.0,22.22,,1.85,0.0,,,,3.7,,,0.0,,100.0
2009,3.85,0.77,,10.0,,9.23,42.31,,0.0,1.54,3.85,14.62,,3.08,0.77,,,,10.0,,,0.0,,100.0
2011,1.83,2.29,,5.15,,9.61,37.53,,0.23,2.63,1.49,16.25,,9.5,0.57,,,,11.78,,,1.14,,100.0
2014,7.25,1.45,,4.35,,8.7,43.48,,0.0,2.9,7.25,17.39,,2.9,0.0,,,,4.35,,,0.0,,100.0
2015,5.06,1.36,,5.45,,12.37,34.66,,0.19,1.66,0.88,17.14,,6.04,0.1,,,,14.02,,,1.07,,100.0
2016,3.87,2.13,,9.39,,8.24,33.44,,0.43,2.35,1.44,13.2,,6.91,0.51,,,,17.07,,,1.03,,100.0
2017,4.28,1.53,,6.01,,9.99,37.0,,0.51,2.45,1.02,14.68,,7.54,0.31,,,,14.07,,,0.61,,100.0
2021,3.72,0.7,,8.6,,10.0,40.0,,0.47,1.4,0.93,14.65,,5.58,0.23,,,,13.49,,,0.23,,100.0
2025,6.36,2.73,,4.55,,11.82,21.82,,0.0,3.64,0.91,20.0,,5.45,0.0,,,,20.91,,,1.82,,100.0
2029,10.53,2.63,,7.89,,13.16,31.58,,0.0,2.63,0.0,7.89,,0.0,0.0,,,,21.05,,,2.63,,100.0
2030,2.44,1.96,,6.36,,8.8,28.36,,0.73,2.69,2.2,19.56,,8.31,0.0,,,,17.36,,,1.22,,100.0
2031,3.4,3.4,,8.1,,8.1,39.06,,0.16,3.4,1.46,12.8,,5.19,0.32,,,,13.94,,,0.65,,100.0
2032,3.98,1.59,,6.63,,8.75,42.18,,0.53,3.18,2.12,12.47,,4.77,0.0,,,,13.26,,,0.53,,100.0
2033,3.1,0.78,,5.43,,11.63,40.31,,0.0,0.78,0.0,24.81,,4.65,1.55,,,,6.98,,,0.0,,100.0
2035,1.92,1.28,,3.21,,14.1,45.51,,0.64,1.92,1.92,10.9,,7.69,0.0,,,,10.9,,,0.0,,100.0
2041,0.0,3.12,,0.0,,6.25,46.88,,0.0,0.0,0.0,34.38,,3.12,0.0,,,,6.25,,,0.0,,100.0
2042,4.11,2.55,,9.12,,8.55,28.25,,0.38,3.78,1.56,13.51,,8.22,0.38,,,,18.8,,,0.8,,100.0
2043,5.07,1.45,,2.9,,7.25,44.93,,0.72,2.17,2.9,12.32,,6.52,0.72,,,,11.59,,,1.45,,100.0
2045,0.0,2.13,,4.26,,10.64,36.17,,0.0,4.26,0.0,19.15,,4.26,2.13,,,,17.02,,,0.0,,100.0
2047,5.22,3.19,,6.38,,9.86,28.41,,0.58,3.77,1.16,16.81,,9.28,0.0,,,,14.49,,,0.87,,100.0
2048,3.03,6.82,,11.36,,2.27,32.58,,0.76,2.27,0.76,21.21,,8.33,0.0,,,,9.85,,,0.76,,100.0
2049,3.67,2.19,,6.13,,11.54,29.58,,0.45,2.49,1.68,12.59,,11.81,0.24,,,,16.68,,,0.93,,100.0
2052,1.66,0.0,,3.31,,13.81,37.02,,0.0,6.08,4.42,16.02,,6.63,0.0,,,,11.05,,,0.0,,100.0
2054,2.16,2.16,,7.27,,12.18,39.1,,0.59,1.18,1.96,14.34,,6.88,1.18,,,,10.41,,,0.59,,100.0
2057,2.41,2.41,,3.61,,13.25,33.73,,0.0,6.02,0.0,26.51,,4.82,0.0,,,,4.82,,,2.41,,100.0
2058,3.12,2.34,,5.07,,11.5,32.55,,0.39,3.7,1.36,12.87,,9.16,0.58,,,,15.79,,,1.56,,100.0
2059,1.63,1.63,,5.31,,12.65,44.9,,0.0,1.22,2.04,14.69,,5.31,0.0,,,,10.61,,,0.0,,100.0
2061,2.62,2.14,,7.3,,9.68,36.19,,0.24,3.44,1.92,14.66,,7.44,0.65,,,,13.06,,,0.65,,100.0
2062,1.83,1.05,,2.62,,15.97,45.55,,0.26,2.09,0.26,15.18,,5.76,0.52,,,,7.59,,,1.31,,100.0
2065,1.27,1.91,,1.91,,8.92,40.76,,0.0,5.1,1.27,15.92,,11.46,0.0,,,,10.19,,,1.27,,100.0
2066,0.61,1.21,,6.06,,6.67,29.09,,0.0,5.45,3.03,10.91,,8.48,0.61,,,,27.88,,,0.0,,100.0
2067,3.14,2.69,,5.83,,13.0,23.77,,0.9,6.28,2.24,14.35,,12.56,0.45,,,,11.66,,,3.14,,100.0
2068,3.54,0.47,,8.49,,7.08,39.86,,0.71,2.12,2.36,15.33,,5.42,0.0,,,,13.21,,,1.42,,100.0
2070,1.84,1.47,,4.78,,11.4,36.03,,0.0,3.68,2.21,12.5,,8.09,2.21,,,,13.6,,,2.21,,100.0
2071,2.13,1.64,,7.65,,9.56,32.44,,0.38,3.71,1.69,12.02,,10.38,0.49,,,,16.71,,,1.2,,100.0
2072,4.4,2.44,,5.38,,8.07,39.36,,0.49,3.42,0.73,14.91,,6.6,0.0,,,,12.96,,,1.22,,100.0
2078,10.0,10.0,,7.5,,12.5,20.0,,0.0,2.5,2.5,15.0,,0.0,0.0,,,,20.0,,,0.0,,100.0
2079,2.78,3.06,,4.86,,10.56,26.39,,0.83,3.75,2.22,14.58,,11.11,0.56,,,,18.06,,,1.25,,100.0
2082,0.35,2.42,,6.57,,8.65,41.87,,0.0,2.42,1.04,12.8,,10.73,1.38,,,,11.07,,,0.69,,100.0
2088,1.95,2.44,,8.54,,8.54,37.32,,0.49,2.44,2.44,12.93,,12.2,0.0,,,,10.49,,,0.24,,100.0
2089,0.93,1.87,,3.74,,13.08,45.79,,0.0,1.87,1.87,13.08,,6.54,0.93,,,,10.28,,,0.0,,100.0
2090,3.1,2.0,,5.65,,8.93,32.97,,0.36,4.74,2.37,12.75,,7.65,0.91,,,,17.67,,,0.91,,100.0
2091,3.36,1.34,,6.71,,10.07,37.58,,0.0,1.34,2.01,16.78,,6.04,2.01,,,,12.08,,,0.67,,100.0
2093,2.04,1.57,,8.48,,8.63,37.68,,0.63,2.83,0.63,16.64,,8.01,0.31,,,,11.93,,,0.63,,100.0
2096,7.58,0.0,,6.06,,4.55,22.73,,0.0,4.55,6.06,22.73,,7.58,0.0,,,,16.67,,,1.52,,100.0
2097,2.04,0.0,,6.12,,4.08,43.88,,0.0,4.08,1.02,18.37,,4.08,1.02,,,,14.29,,,1.02,,100.0
2102,2.17,1.09,,10.14,,8.7,30.43,,0.0,4.35,3.26,17.75,,5.43,1.09,,,,14.13,,,1.45,,100.0
2104,0.93,2.78,,9.88,,10.19,40.43,,0.31,2.16,0.62,14.2,,8.64,0.31,,,,8.33,,,1.23,,100.0
2107,3.07,3.69,,7.09,,8.82,33.84,,0.29,3.02,1.44,14.05,,5.56,0.43,,,,17.4,,,1.29,,100.0
2108,3.18,0.45,,5.91,,6.36,45.45,,1.36,2.27,0.0,16.82,,7.27,0.45,,,,10.45,,,0.0,,100.0
2110,10.26,2.56,,5.13,,2.56,23.08,,0.0,5.13,2.56,28.21,,5.13,2.56,,,,12.82,,,0.0,,100.0
2113,1.85,0.0,,1.85,,3.7,50.0,,0.0,5.56,1.85,20.37,,5.56,0.0,,,,7.41,,,1.85,,100.0
2115,3.65,2.74,,5.02,,10.5,34.7,,0.46,2.28,2.28,15.53,,8.68,0.0,,,,12.33,,,1.83,,100.0
2116,2.6,1.43,,6.8,,10.92,42.52,,0.36,5.19,2.15,12.89,,4.39,0.09,,,,9.67,,,0.98,,100.0
2118,2.62,1.12,,7.87,,10.49,38.58,,1.12,1.5,1.5,14.61,,4.87,0.75,,,,13.11,,,1.87,,100.0
2121,1.01,1.01,,11.11,,14.14,41.41,,0.0,1.01,0.0,14.14,,2.02,3.03,,,,10.1,,,1.01,,100.0
2122,2.33,0.93,,5.36,,13.52,44.52,,0.23,3.26,2.1,10.72,,6.06,0.23,,,,10.02,,,0.7,,100.0
2126,2.38,3.57,,4.76,,8.33,34.52,,1.19,2.38,2.38,13.1,,9.52,0.0,,,,16.67,,,1.19,,100.0
2127,3.57,3.57,,10.71,,10.71,30.36,,0.0,0.0,0.0,16.07,,10.71,0.0,,,,12.5,,,1.79,,100.0
2128,3.95,3.4,,6.53,,7.57,32.16,,0.44,2.58,2.47,13.61,,7.96,0.38,,,,17.01,,,1.92,,100.0
2131,2.24,1.49,,3.43,,11.64,36.12,,0.45,2.54,0.3,14.33,,10.6,0.15,,,,16.27,,,0.45,,100.0
2133,3.32,2.71,,8.03,,8.37,31.79,,0.56,2.51,1.2,11.43,,10.6,0.61,,,,18.04,,,0.83,,100.0
2134,4.1,5.13,,4.62,,6.67,41.54,,0.0,1.54,2.05,20.0,,3.08,0.51,,,,10.26,,,0.51,,100.0
2135,4.64,1.03,,17.01,,6.19,37.63,,0.0,3.61,1.03,18.04,,5.15,1.03,,,,4.64,,,0.0,,100.0
2137,4.53,2.05,,7.1,,8.03,31.0,,0.61,3.45,1.17,14.71,,9.62,0.42,,,,16.2,,,1.12,,100.0
2142,3.39,1.36,,5.93,,9.32,35.76,,0.17,1.36,1.02,14.75,,7.8,0.68,,,,17.29,,,1.19,,100.0
2147,5.68,2.56,,7.1,,7.1,29.26,,0.28,5.68,1.14,14.2,,11.36,0.28,,,,14.2,,,1.14,,100.0
2148,2.86,2.26,,8.51,,10.4,28.78,,0.47,2.49,1.43,11.93,,9.17,0.43,,,,20.21,,,1.06,,100.0
2150,3.61,2.13,,6.03,,10.05,28.84,,0.53,4.67,1.18,18.91,,8.1,0.35,,,,14.95,,,0.65,,100.0
2152,2.41,1.53,,4.49,,9.86,36.91,,0.44,2.85,1.42,18.84,,6.13,0.44,,,,13.25,,,1.42,,100.0
2156,3.31,3.14,,8.0,,8.14,33.7,,0.55,2.27,1.15,16.32,,5.61,0.69,,,,15.34,,,1.78,,100.0
2158,4.01,2.64,,10.47,,8.48,29.21,,0.43,2.3,1.31,11.25,,8.59,0.41,,,,19.66,,,1.22,,100.0
2163,0.94,1.89,,8.96,,16.04,35.85,,0.0,2.83,2.83,11.79,,1.42,0.0,,,,16.98,,,0.47,,100.0
2164,2.96,3.35,,6.44,,9.15,33.12,,0.39,1.03,1.42,15.08,,6.57,0.39,,,,19.33,,,0.77,,100.0
2166,4.88,3.66,,10.98,,13.41,37.8,,0.0,6.1,0.0,12.2,,4.88,0.0,,,,6.1,,,0.0,,100.0
2170,2.7,2.7,,10.81,,14.86,36.49,,0.0,2.7,0.0,6.76,,2.7,0.0,,,,17.57,,,2.7,,100.0
2171,2.98,3.83,,5.74,,6.17,35.32,,0.21,2.77,1.7,15.11,,6.81,0.43,,,,17.66,,,1.28,,100.0
3001,4.93,3.69,,10.71,,7.02,35.84,,0.12,4.19,1.48,10.34,,5.91,0.25,,,,14.16,,,1.35,,100.0
3002,6.93,5.25,,8.19,,8.82,25.63,,0.63,1.47,2.31,8.4,,9.03,0.42,,,,21.64,,,1.26,,100.0
3006,4.0,4.19,,7.05,,7.43,33.24,,0.19,3.81,1.9,14.1,,5.24,0.95,,,,17.05,,,0.86,,100.0
3008,3.47,3.07,,11.56,,6.16,19.63,,0.31,1.88,1.57,23.39,,7.44,0.66,,,,19.95,,,0.92,,100.0
3012,4.52,0.48,,5.95,,10.71,29.52,,0.48,3.57,2.86,13.81,,8.81,1.19,,,,17.38,,,0.71,,100.0
3016,2.81,2.57,,7.78,,8.89,31.96,,0.48,1.74,1.4,13.76,,9.92,0.57,,,,17.18,,,0.94,,100.0
3018,3.23,1.71,,8.73,,15.56,31.5,,0.57,2.09,1.14,14.23,,5.5,0.0,,,,14.61,,,1.14,,100.0
3019,4.24,2.89,,6.45,,13.41,34.3,,0.85,1.87,0.85,12.73,,6.28,0.85,,,,14.77,,,0.51,,100.0
3021,2.03,1.74,,12.45,,8.25,30.54,,0.14,1.74,3.04,14.33,,7.53,0.72,,,,16.21,,,1.3,,100.0
3022,5.12,5.12,,6.78,,5.62,30.08,,0.66,0.99,2.15,16.03,,6.78,0.5,,,,19.34,,,0.83,,100.0
3023,2.09,3.18,,5.76,,9.24,36.54,,0.4,2.09,1.49,15.79,,7.85,0.6,,,,13.6,,,1.39,,100.0
3024,3.13,2.36,,11.78,,11.23,27.58,,0.5,2.11,1.42,13.04,,7.9,0.63,,,,17.61,,,0.71,,100.0
3025,1.97,3.5,,6.7,,11.2,34.97,,0.57,2.8,1.4,12.52,,7.96,0.48,,,,14.7,,,1.23,,100.0
3026,2.85,3.41,,8.76,,11.13,34.28,,0.14,2.36,1.32,15.02,,5.91,0.56,,,,13.56,,,0.7,,100.0
3027,3.48,2.81,,6.62,,9.77,32.45,,0.33,2.81,1.49,15.07,,6.95,0.83,,,,16.56,,,0.83,,100.0
3030,2.76,2.9,,8.79,,8.12,34.18,,0.22,2.68,1.04,13.55,,7.89,0.15,,,,17.13,,,0.6,,100.0
3032,3.68,2.7,,7.56,,7.73,31.77,,0.59,2.24,1.35,12.25,,10.56,0.25,,,,18.33,,,1.01,,100.0
3036,2.85,2.85,,8.29,,8.72,34.2,,0.35,2.5,1.47,16.23,,6.48,0.35,,,,15.54,,,0.17,,100.0
3037,1.22,2.85,,7.72,,9.15,33.33,,0.0,3.25,0.81,15.85,,8.74,0.41,,,,16.26,,,0.41,,100.0
3039,2.59,0.86,,5.4,,11.45,37.15,,0.22,3.24,0.65,17.06,,6.05,1.08,,,,12.74,,,1.51,,100.0
3040,2.56,2.43,,5.76,,12.16,31.24,,0.38,2.69,3.33,13.7,,9.09,0.26,,,,15.75,,,0.64,,100.0
3041,2.31,1.29,,7.2,,9.77,37.53,,0.26,1.54,0.51,14.4,,10.03,0.26,,,,14.4,,,0.51,,100.0
3042,3.42,6.85,,2.05,,9.59,39.04,,0.0,2.74,0.68,17.12,,6.16,0.68,,,,10.27,,,1.37,,100.0
3043,3.27,3.4,,8.43,,7.89,29.33,,0.41,1.75,1.19,14.79,,9.75,0.52,,,,18.62,,,0.65,,100.0
3044,2.64,7.05,,3.96,,9.69,32.6,,0.0,1.32,3.52,12.78,,4.41,0.88,,,,20.7,,,0.44,,100.0
3045,3.77,0.86,,7.02,,8.73,37.16,,0.86,1.54,0.51,14.04,,7.53,0.86,,,,15.75,,,1.37,,100.0
3047,3.43,3.9,,7.33,,10.92,34.95,,0.78,5.46,0.94,13.1,,4.52,1.25,,,,12.95,,,0.47,,100.0
3049,3.48,2.23,,6.61,,11.9,32.89,,0.17,2.47,1.29,13.44,,7.55,0.28,,,,17.12,,,0.56,,100.0
3051,5.54,2.58,,6.64,,7.38,29.52,,0.74,1.48,1.48,19.56,,7.38,0.0,,,,15.13,,,2.58,,100.0
3052,4.13,2.91,,7.2,,11.03,28.02,,0.46,2.6,1.07,16.23,,7.04,1.23,,,,17.15,,,0.92,,100.0
3055,1.88,3.88,,9.12,,8.75,24.38,,0.38,1.88,1.25,13.88,,9.5,0.0,,,,24.75,,,0.38,,100.0
3058,2.91,2.62,,9.34,,13.15,28.48,,0.6,2.47,1.49,12.71,,7.47,0.37,,,,17.64,,,0.75,,100.0
3060,2.29,2.15,,5.72,,11.02,39.34,,0.72,2.72,1.72,13.59,,8.73,0.0,,,,11.44,,,0.57,,100.0
3062,4.29,2.94,,9.21,,10.79,27.46,,0.24,1.83,1.35,20.4,,5.87,0.87,,,,14.05,,,0.71,,100.0
3065,4.33,2.54,,7.61,,10.15,28.22,,0.63,2.43,2.01,16.7,,8.99,0.85,,,,15.22,,,0.32,,100.0
3066,3.76,2.72,,9.76,,9.92,26.32,,0.48,2.32,1.76,16.24,,6.4,0.32,,,,19.6,,,0.4,,100.0
3068,3.63,3.17,,7.42,,9.0,28.85,,0.46,1.98,1.2,12.75,,10.09,0.53,,,,19.44,,,1.48,,100.0
3069,2.61,2.35,,6.14,,10.84,37.99,,1.04,1.96,0.65,12.66,,8.62,0.26,,,,14.23,,,0.65,,100.0
3070,2.7,1.8,,6.53,,7.55,36.15,,0.34,1.8,1.24,15.43,,9.91,0.23,,,,15.09,,,1.24,,100.0
3073,3.25,2.09,,10.25,,7.79,33.07,,0.49,2.7,1.41,17.06,,5.46,0.18,,,,15.03,,,1.23,,100.0
3076,3.68,2.63,,9.2,,10.89,31.73,,0.38,2.07,0.64,13.74,,7.13,0.34,,,,16.82,,,0.75,,100.0
